   0.00000    0.00000 
   0.00000    0.00000 
   0.00071   -0.00027 
   0.00285   -0.00109 
   0.00642   -0.00246 
   0.01140   -0.00436 
   0.01782   -0.00681 
   0.02566   -0.00981 
   0.03493   -0.01334 
   0.04563   -0.01741 
   0.05776   -0.02203 
   0.07132   -0.02718 
   0.08631   -0.03287 
   0.10273   -0.03909 
   0.12058   -0.04585 
   0.13986   -0.05314 
   0.16056   -0.06096 
   0.18268   -0.06931 
   0.20622   -0.07818 
   0.23119   -0.08758 
   0.25756   -0.09750 
   0.28535   -0.10793 
   0.31455   -0.11889 
   0.34515   -0.13035 
   0.37715   -0.14233 
   0.41056   -0.15481 
   0.44536   -0.16780 
   0.48156   -0.18130 
   0.51914   -0.19529 
   0.55812   -0.20978 
   0.59847   -0.22477 
   0.64020   -0.24025 
   0.68331   -0.25622 
   0.72780   -0.27268 
   0.77365   -0.28962 
   0.82086   -0.30704 
   0.86944   -0.32494 
   0.91938   -0.34331 
   0.97067   -0.36216 
   1.02331   -0.38148 
   1.07729   -0.40127 
   1.13262   -0.42152 
   1.18929   -0.44223 
   1.24730   -0.46340 
   1.30664   -0.48502 
   1.36730   -0.50710 
   1.42929   -0.52963 
   1.49260   -0.55260 
   1.55723   -0.57602 
   1.62317   -0.59988 
   1.69042   -0.62418 
   1.75897   -0.64891 
   1.82883   -0.67407 
   1.89998   -0.69967 
   1.97242   -0.72569 
   2.04616   -0.75213 
   2.12118   -0.77899 
   2.19748   -0.80627 
   2.27506   -0.83396 
   2.35392   -0.86206 
   2.43404   -0.89057 
   2.51543   -0.91948 
   2.59808   -0.94880 
   2.68199   -0.97851 
   2.76715   -1.00862 
   2.85356   -1.03912 
   2.94122   -1.07001 
   3.03012   -1.10128 
   3.12026   -1.13294 
   3.21163   -1.16497 
   3.30422   -1.19738 
   3.39805   -1.23017 
   3.49309   -1.26332 
   3.58936   -1.29684 
   3.68683   -1.33073 
   3.78551   -1.36497 
   3.88540   -1.39957 
   3.98649   -1.43453 
   4.08877   -1.46983 
   4.19225   -1.50548 
   4.29691   -1.54147 
   4.40275   -1.57781 
   4.50978   -1.61448 
   4.61798   -1.65148 
   4.72735   -1.68882 
   4.83788   -1.72648 
   4.94958   -1.76447 
   5.06243   -1.80277 
   5.17644   -1.84140 
   5.29160   -1.88033 
   5.40790   -1.91958 
   5.52534   -1.95913 
   5.64391   -1.99899 
   5.76362   -2.03915 
   5.88446   -2.07960 
   6.00641   -2.12035 
   6.12949   -2.16138 
   6.25368   -2.20270 
   6.37897   -2.24431 
   6.50538   -2.28619 
   6.63288   -2.32835 
   6.76148   -2.37078 
   6.89117   -2.41349 
   7.02194   -2.45645 
   7.15380   -2.49968 
   7.28674   -2.54317 
   7.42074   -2.58691 
   7.55582   -2.63090 
   7.69196   -2.67514 
   7.82916   -2.71963 
   7.96741   -2.76435 
   8.10672   -2.80931 
   8.24707   -2.85451 
   8.38846   -2.89993 
   8.53088   -2.94558 
   8.67434   -2.99146 
   8.81882   -3.03755 
   8.96433   -3.08386 
   9.11085   -3.13038 
   9.25839   -3.17711 
   9.40693   -3.22404 
   9.55648   -3.27117 
   9.70702   -3.31850 
   9.85856   -3.36603 
  10.01108   -3.41374 
  10.16459   -3.46164 
  10.31908   -3.50972 
  10.47454   -3.55798 
  10.63097   -3.60642 
  10.78837   -3.65503 
  10.94672   -3.70380 
  11.10603   -3.75274 
  11.26629   -3.80184 
  11.42749   -3.85110 
  11.58964   -3.90050 
  11.75272   -3.95006 
  11.91673   -3.99976 
  12.08166   -4.04961 
  12.24751   -4.09959 
  12.41428   -4.14970 
  12.58196   -4.19995 
  12.75055   -4.25032 
  12.92003   -4.30081 
  13.09041   -4.35143 
  13.26168   -4.40215 
  13.43384   -4.45299 
  13.60687   -4.50394 
  13.78078   -4.55499 
  13.95557   -4.60613 
  14.13121   -4.65738 
  14.30772   -4.70871 
  14.48508   -4.76014 
  14.66329   -4.81165 
  14.84234   -4.86324 
  15.02223   -4.91490 
  15.20296   -4.96664 
  15.38452   -5.01844 
  15.56690   -5.07032 
  15.75010   -5.12225 
  15.93412   -5.17424 
  16.11894   -5.22628 
  16.30456   -5.27837 
  16.49099   -5.33051 
  16.67821   -5.38269 
  16.86621   -5.43490 
  17.05500   -5.48715 
  17.24456   -5.53943 
  17.43490   -5.59174 
  17.62600   -5.64406 
  17.81787   -5.69641 
  18.01049   -5.74877 
  18.20387   -5.80114 
  18.39798   -5.85351 
  18.59284   -5.90589 
  18.78844   -5.95827 
  18.98476   -6.01064 
  19.18181   -6.06300 
  19.37958   -6.11534 
  19.57807   -6.16767 
  19.77726   -6.21998 
  19.97715   -6.27226 
  20.17775   -6.32451 
  20.37904   -6.37673 
  20.58101   -6.42891 
  20.78367   -6.48105 
  20.98700   -6.53315 
  21.19100   -6.58519 
  21.39568   -6.63719 
  21.60101   -6.68912 
  21.80699   -6.74099 
  22.01363   -6.79280 
  22.22091   -6.84454 
  22.42883   -6.89620 
  22.63739   -6.94779 
  22.84657   -6.99930 
  23.05638   -7.05072 
  23.26680   -7.10205 
  23.47784   -7.15328 
  23.68948   -7.20442 
  23.90172   -7.25546 
  24.11456   -7.30640 
  24.32799   -7.35722 
  24.54201   -7.40793 
  24.75660   -7.45852 
  24.97177   -7.50899 
  25.18751   -7.55934 
  25.40381   -7.60955 
  25.62067   -7.65963 
  25.83808   -7.70958 
  26.05604   -7.75938 
  26.27454   -7.80904 
  26.49358   -7.85854 
  26.71314   -7.90790 
  26.93323   -7.95709 
  27.15384   -8.00613 
  27.37497   -8.05499 
  27.59660   -8.10369 
  27.81874   -8.15221 
  28.04137   -8.20056 
  28.26450   -8.24872 
  28.48811   -8.29670 
  28.71221   -8.34448 
  28.93677   -8.39208 
  29.16181   -8.43947 
  29.38732   -8.48666 
  29.61328   -8.53365 
  29.83970   -8.58042 
  30.06656   -8.62698 
  30.29387   -8.67332 
  30.52161   -8.71944 
  30.74979   -8.76534 
  30.97839   -8.81100 
  31.20741   -8.85643 
  31.43685   -8.90161 
  31.66669   -8.94656 
  31.89694   -8.99126 
  32.12759   -9.03571 
  32.35863   -9.07990 
  32.59006   -9.12383 
  32.82187   -9.16750 
  33.05405   -9.21091 
  33.28661   -9.25404 
  33.51953   -9.29690 
  33.75281   -9.33947 
  33.98645   -9.38177 
  34.22043   -9.42378 
  34.45476   -9.46549 
  34.68942   -9.50691 
  34.92441   -9.54803 
  35.15973   -9.58885 
  35.39538   -9.62936 
  35.63133   -9.66956 
  35.86760   -9.70944 
  36.10417   -9.74900 
  36.34104   -9.78824 
  36.57820   -9.82715 
  36.81565   -9.86573 
  37.05338   -9.90398 
  37.29138   -9.94188 
  37.52966   -9.97944 
  37.76820  -10.01665 
  38.00700  -10.05351 
  38.24605  -10.09001 
  38.48536  -10.12616 
  38.72490  -10.16193 
  38.96469  -10.19734 
  39.20470  -10.23238 
  39.44494  -10.26704 
  39.68540  -10.30133 
  39.92608  -10.33522 
  40.16696  -10.36873 
  40.40805  -10.40185 
  40.64933  -10.43457 
  40.89081  -10.46689 
  41.13248  -10.49881 
  41.37433  -10.53031 
  41.61635  -10.56141 
  41.85854  -10.59208 
  42.10090  -10.62234 
  42.34342  -10.65217 
  42.58609  -10.68158 
  42.82890  -10.71055 
  43.07186  -10.73909 
  43.31496  -10.76718 
  43.55819  -10.79483 
  43.80154  -10.82203 
  44.04502  -10.84878 
  44.28860  -10.87507 
  44.53230  -10.90090 
  44.77610  -10.92627 
  45.02000  -10.95117 
  45.26399  -10.97559 
  45.50807  -10.99954 
  45.75222  -11.02301 
  45.99646  -11.04600 
  46.24076  -11.06849 
  46.48513  -11.09049 
  46.72955  -11.11200 
  46.97403  -11.13301 
  47.21856  -11.15351 
  47.46313  -11.17350 
  47.70773  -11.19298 
  47.95237  -11.21195 
  48.19703  -11.23039 
  48.44171  -11.24831 
  48.68641  -11.26571 
  48.93111  -11.28257 
  49.17582  -11.29889 
  49.42052  -11.31467 
  49.66522  -11.32991 
  49.90990  -11.34461 
  50.15456  -11.35875 
  50.39920  -11.37233 
  50.64381  -11.38536 
  50.88838  -11.39782 
  51.13292  -11.40971 
  51.37740  -11.42104 
  51.62183  -11.43178 
  51.86621  -11.44195 
  52.11052  -11.45154 
  52.35476  -11.46053 
  52.59893  -11.46894 
  52.84301  -11.47675 
  53.08701  -11.48397 
  53.33092  -11.49058 
  53.57474  -11.49658 
  53.81845  -11.50198 
  54.06205  -11.50676 
  54.30554  -11.51092 
  54.54891  -11.51446 
  54.79216  -11.51738 
  55.03528  -11.51966 
  55.27826  -11.52132 
  55.52110  -11.52233 
  55.76380  -11.52271 
  56.00634  -11.52243 
  56.24873  -11.52152 
  56.49095  -11.51994 
  56.73301  -11.51772 
  56.97489  -11.51483 
  57.21659  -11.51128 
  57.45811  -11.50706 
  57.69944  -11.50216 
  57.94058  -11.49660 
  58.18151  -11.49035 
  58.42223  -11.48343 
  58.66275  -11.47581 
  58.90305  -11.46751 
  59.14312  -11.45851 
  59.38297  -11.44881 
  59.62258  -11.43841 
  59.86195  -11.42731 
  60.10109  -11.41550 
  60.33997  -11.40298 
  60.57859  -11.38974 
  60.81696  -11.37578 
  61.05505  -11.36109 
  61.29288  -11.34568 
  61.53043  -11.32954 
  61.76770  -11.31266 
  62.00469  -11.29505 
  62.24138  -11.27669 
  62.47777  -11.25759 
  62.71386  -11.23773 
  62.94964  -11.21713 
  63.18510  -11.19577 
  63.42025  -11.17365 
  63.65507  -11.15076 
  63.88956  -11.12711 
  64.12372  -11.10269 
  64.35753  -11.07749 
  64.59100  -11.05152 
  64.82412  -11.02476 
  65.05689  -10.99722 
  65.28929  -10.96889 
  65.52132  -10.93977 
  65.75299  -10.90985 
  65.98427  -10.87913 
  66.21518  -10.84761 
  66.44569  -10.81529 
  66.67581  -10.78215 
  66.90554  -10.74820 
  67.13486  -10.71344 
  67.36377  -10.67785 
  67.59227  -10.64145 
  67.82035  -10.60421 
  68.04801  -10.56615 
  68.27524  -10.52725 
  68.50203  -10.48751 
  68.72839  -10.44694 
  68.95430  -10.40552 
  69.17976  -10.36325 
  69.40476  -10.32013 
  69.62931  -10.27616 
  69.85339  -10.23133 
  70.07700  -10.18564 
  70.30014  -10.13909 
  70.52280  -10.09167 
  70.74497  -10.04337 
  70.96665   -9.99421 
  71.18784   -9.94417 
  71.40853   -9.89325 
  71.62871   -9.84144 
  71.84838   -9.78875 
  72.06754   -9.73516 
  72.28618   -9.68069 
  72.50429   -9.62531 
  72.72188   -9.56904 
  72.93893   -9.51187 
  73.15544   -9.45379 
  73.37140   -9.39480 
  73.58682   -9.33489 
  73.80168   -9.27407 
  74.01598   -9.21234 
  74.22972   -9.14968 
  74.44289   -9.08609 
  74.65549   -9.02158 
  74.86751   -8.95614 
  75.07894   -8.88976 
  75.28979   -8.82245 
  75.50005   -8.75420 
  75.70970   -8.68500 
  75.91876   -8.61485 
  76.12721   -8.54376 
  76.33505   -8.47172 
  76.54227   -8.39872 
  76.74887   -8.32476 
  76.95484   -8.24984 
  77.16018   -8.17395 
  77.36489   -8.09710 
  77.56896   -8.01928 
  77.77238   -7.94049 
  77.97516   -7.86072 
  78.17728   -7.77997 
  78.37874   -7.69824 
  78.57954   -7.61552 
  78.77968   -7.53182 
  78.97914   -7.44713 
  79.17792   -7.36144 
  79.37603   -7.27476 
  79.57344   -7.18708 
  79.77017   -7.09840 
  79.96620   -7.00871 
  80.16154   -6.91802 
  80.35617   -6.82632 
  80.55009   -6.73360 
  80.74330   -6.63987 
  80.93579   -6.54512 
  81.12756   -6.44935 
  81.31861   -6.35256 
  81.50893   -6.25474 
  81.69851   -6.15590 
  81.88735   -6.05602 
  82.07545   -5.95510 
  82.26280   -5.85316 
  82.44939   -5.75017 
  82.63524   -5.64614 
  82.82032   -5.54106 
  83.00463   -5.43494 
  83.18818   -5.32777 
  83.37096   -5.21955 
  83.55295   -5.11027 
  83.73416   -4.99993 
  83.91459   -4.88854 
  84.09423   -4.77608 
  84.27307   -4.66256 
  84.45111   -4.54797 
  84.62835   -4.43231 
  84.80478   -4.31558 
  84.98040   -4.19778 
  85.15521   -4.07890 
  85.32919   -3.95894 
  85.50236   -3.83789 
  85.67469   -3.71576 
  85.84619   -3.59255 
  86.01685   -3.46825 
  86.18668   -3.34285 
  86.35566   -3.21636 
  86.52379   -3.08878 
  86.69107   -2.96009 
  86.85749   -2.83031 
  87.02305   -2.69942 
  87.18775   -2.56743 
  87.35158   -2.43433 
  87.51454   -2.30012 
  87.67662   -2.16479 
  87.83782   -2.02836 
  87.99813   -1.89080 
  88.15756   -1.75213 
  88.31609   -1.61233 
  88.47373   -1.47142 
  88.63047   -1.32937 
  88.78631   -1.18620 
  88.94123   -1.04190 
  89.09525   -0.89647 
  89.24835   -0.74991 
  89.40053   -0.60220 
  89.55179   -0.45336 
  89.70213   -0.30339 
  89.85153   -0.15226 
  90.00000    0.00000 
  90.11526    0.11955 
  90.23005    0.23966 
  90.34438    0.36032 
  90.45823    0.48154 
  90.57162    0.60332 
  90.68453    0.72564 
  90.79698    0.84852 
  90.90896    0.97194 
  91.02048    1.09591 
  91.13153    1.22042 
  91.24210    1.34548 
  91.35222    1.47108 
  91.46186    1.59721 
  91.57104    1.72388 
  91.67975    1.85109 
  91.78799    1.97883 
  91.89577    2.10711 
  92.00308    2.23591 
  92.10992    2.36524 
  92.21630    2.49510 
  92.32221    2.62548 
  92.42766    2.75638 
  92.53264    2.88781 
  92.63715    3.01976 
  92.74120    3.15222 
  92.84478    3.28520 
  92.94790    3.41869 
  93.05055    3.55269 
  93.15274    3.68720 
  93.25446    3.82223 
  93.35572    3.95776 
  93.45652    4.09379 
  93.55684    4.23032 
  93.65671    4.36736 
  93.75611    4.50490 
  93.85504    4.64293 
  93.95351    4.78146 
  94.05152    4.92048 
  94.14906    5.06000 
  94.24614    5.20000 
  94.34276    5.34050 
  94.43891    5.48148 
  94.53460    5.62294 
  94.62982    5.76489 
  94.72459    5.90732 
  94.81888    6.05023 
  94.91272    6.19361 
  95.00609    6.33747 
  95.09900    6.48181 
  95.19145    6.62662 
  95.28343    6.77189 
  95.37495    6.91764 
  95.46601    7.06385 
  95.55661    7.21052 
  95.64674    7.35766 
  95.73641    7.50526 
  95.82562    7.65332 
  95.91437    7.80184 
  96.00265    7.95081 
  96.09048    8.10023 
  96.17784    8.25011 
  96.26474    8.40044 
  96.35118    8.55121 
  96.43715    8.70243 
  96.52267    8.85410 
  96.60772    9.00620 
  96.69231    9.15875 
  96.77644    9.31174 
  96.86011    9.46516 
  96.94332    9.61902 
  97.02607    9.77331 
  97.10835    9.92804 
  97.19018   10.08319 
  97.27154   10.23877 
  97.35245   10.39478 
  97.43289   10.55121 
  97.51287   10.70806 
  97.59239   10.86534 
  97.67145   11.02303 
  97.75005   11.18114 
  97.82819   11.33966 
  97.90587   11.49860 
  97.98309   11.65794 
  98.05985   11.81770 
  98.13615   11.97786 
  98.21199   12.13843 
  98.28737   12.29940 
  98.36229   12.46077 
  98.43675   12.62255 
  98.51075   12.78472 
  98.58428   12.94729 
  98.65736   13.11025 
  98.72998   13.27360 
  98.80214   13.43734 
  98.87385   13.60148 
  98.94509   13.76600 
  99.01587   13.93090 
  99.08619   14.09619 
  99.15605   14.26185 
  99.22546   14.42790 
  99.29440   14.59433 
  99.36289   14.76112 
  99.43091   14.92830 
  99.49848   15.09584 
  99.56559   15.26376 
  99.63224   15.43204 
  99.69843   15.60069 
  99.76416   15.76970 
  99.82943   15.93907 
  99.89424   16.10881 
  99.95860   16.27890 
 100.02249   16.44935 
 100.08593   16.62015 
 100.14891   16.79131 
 100.21142   16.96282 
 100.27349   17.13467 
 100.33509   17.30688 
 100.39623   17.47942 
 100.45692   17.65231 
 100.51714   17.82555 
 100.57691   17.99912 
 100.63622   18.17303 
 100.69507   18.34727 
 100.75346   18.52185 
 100.81140   18.69676 
 100.86888   18.87200 
 100.92589   19.04757 
 100.98245   19.22346 
 101.03856   19.39968 
 101.09420   19.57622 
 101.14938   19.75308 
 101.20411   19.93026 
 101.25838   20.10776 
 101.31219   20.28557 
 101.36555   20.46369 
 101.41844   20.64212 
 101.47088   20.82087 
 101.52286   20.99991 
 101.57438   21.17927 
 101.62544   21.35892 
 101.67605   21.53888 
 101.72620   21.71914 
 101.77589   21.89969 
 101.82512   22.08054 
 101.87390   22.26169 
 101.92221   22.44312 
 101.97007   22.62484 
 102.01747   22.80686 
 102.06442   22.98915 
 102.11090   23.17173 
 102.15693   23.35460 
 102.20250   23.53774 
 102.24762   23.72116 
 102.29227   23.90485 
 102.33647   24.08882 
 102.38021   24.27307 
 102.42350   24.45758 
 102.46632   24.64236 
 102.50869   24.82741 
 102.55060   25.01272 
 102.59205   25.19829 
 102.63305   25.38413 
 102.67359   25.57022 
 102.71367   25.75657 
 102.75329   25.94317 
 102.79246   26.13003 
 102.83117   26.31714 
 102.86942   26.50449 
 102.90721   26.69209 
 102.94455   26.87994 
 102.98143   27.06803 
 103.01785   27.25636 
 103.05381   27.44493 
 103.08932   27.63374 
 103.12437   27.82278 
 103.15896   28.01206 
 103.19310   28.20157 
 103.22678   28.39130 
 103.26000   28.58126 
 103.29276   28.77145 
 103.32507   28.96186 
 103.35692   29.15250 
 103.38831   29.34335 
 103.41924   29.53442 
 103.44972   29.72570 
 103.47974   29.91720 
 103.50930   30.10891 
 103.53840   30.30083 
 103.56705   30.49296 
 103.59524   30.68529 
 103.62297   30.87783 
 103.65025   31.07057 
 103.67707   31.26350 
 103.70343   31.45664 
 103.72933   31.64997 
 103.75478   31.84350 
 103.77977   32.03721 
 103.80430   32.23112 
 103.82837   32.42521 
 103.85199   32.61949 
 103.87515   32.81396 
 103.89785   33.00860 
 103.92010   33.20343 
 103.94189   33.39843 
 103.96322   33.59361 
 103.98409   33.78896 
 104.00450   33.98449 
 104.02446   34.18018 
 104.04396   34.37605 
 104.06300   34.57208 
 104.08159   34.76827 
 104.09972   34.96462 
 104.11739   35.16114 
 104.13460   35.35781 
 104.15136   35.55464 
 104.16766   35.75162 
 104.18350   35.94876 
 104.19888   36.14604 
 104.21381   36.34347 
 104.22827   36.54105 
 104.24228   36.73878 
 104.25584   36.93664 
 104.26893   37.13465 
 104.28157   37.33279 
 104.29375   37.53107 
 104.30547   37.72948 
 104.31673   37.92802 
 104.32754   38.12670 
 104.33789   38.32550 
 104.34778   38.52443 
 104.35721   38.72348 
 104.36619   38.92266 
 104.37471   39.12195 
 104.38277   39.32136 
 104.39037   39.52089 
 104.39751   39.72053 
 104.40420   39.92029 
 104.41043   40.12015 
 104.41620   40.32012 
 104.42151   40.52020 
 104.42636   40.72038 
 104.43076   40.92066 
 104.43469   41.12105 
 104.43817   41.32153 
 104.44119   41.52210 
 104.44376   41.72277 
 104.44586   41.92353 
 104.44751   42.12439 
 104.44869   42.32532 
 104.44942   42.52635 
 104.44969   42.72746 
 104.44951   42.92865 
 104.44886   43.12991 
 104.44775   43.33126 
 104.44619   43.53268 
 104.44417   43.73418 
 104.44169   43.93575 
 104.43875   44.13738 
 104.43535   44.33909 
 104.43149   44.54085 
 104.42718   44.74269 
 104.42240   44.94458 
 104.41717   45.14653 
 104.41148   45.34854 
 104.40533   45.55061 
 104.39872   45.75272 
 104.39165   45.95489 
 104.38412   46.15711 
 104.37613   46.35938 
 104.36768   46.56169 
 104.35878   46.76404 
 104.34941   46.96643 
 104.33958   47.16886 
 104.32930   47.37133 
 104.31855   47.57384 
 104.30735   47.77637 
 104.29569   47.97894 
 104.28356   48.18154 
 104.27098   48.38416 
 104.25794   48.58680 
 104.24443   48.78947 
 104.23047   48.99216 
 104.21605   49.19487 
 104.20116   49.39759 
 104.18582   49.60033 
 104.17002   49.80308 
 104.15375   50.00584 
 104.13703   50.20861 
 104.11985   50.41138 
 104.10220   50.61416 
 104.08410   50.81694 
 104.06553   51.01972 
 104.04650   51.22250 
 104.02702   51.42527 
 104.00707   51.62803 
 103.98666   51.83079 
 103.96579   52.03354 
 103.94446   52.23627 
 103.92267   52.43899 
 103.90042   52.64170 
 103.87770   52.84438 
 103.85453   53.04705 
 103.83089   53.24969 
 103.80679   53.45230 
 103.78223   53.65489 
 103.75721   53.85745 
 103.73172   54.05998 
 103.70578   54.26247 
 103.67937   54.46493 
 103.65250   54.66736 
 103.62517   54.86974 
 103.59738   55.07208 
 103.56912   55.27438 
 103.54040   55.47663 
 103.51122   55.67883 
 103.48158   55.88098 
 103.45148   56.08309 
 103.42091   56.28513 
 103.38988   56.48712 
 103.35838   56.68906 
 103.32643   56.89093 
 103.29401   57.09274 
 103.26112   57.29449 
 103.22778   57.49617 
 103.19397   57.69778 
 103.15969   57.89932 
 103.12496   58.10078 
 103.08976   58.30218 
 103.05409   58.50349 
 103.01796   58.70473 
 102.98137   58.90588 
 102.94432   59.10695 
 102.90680   59.30794 
 102.86881   59.50884 
 102.83036   59.70965 
 102.79145   59.91036 
 102.75207   60.11099 
 102.71223   60.31152 
 102.67192   60.51195 
 102.63114   60.71228 
 102.58991   60.91250 
 102.54820   61.11263 
 102.50603   61.31264 
 102.46340   61.51255 
 102.42030   61.71235 
 102.37673   61.91204 
 102.33270   62.11161 
 102.28820   62.31106 
 102.24324   62.51040 
 102.19781   62.70961 
 102.15191   62.90870 
 102.10555   63.10767 
 102.05872   63.30650 
 102.01143   63.50521 
 101.96366   63.70379 
 101.91543   63.90223 
 101.86674   64.10054 
 101.81757   64.29871 
 101.76794   64.49674 
 101.71784   64.69462 
 101.66727   64.89237 
 101.61624   65.08996 
 101.56473   65.28741 
 101.51276   65.48471 
 101.46032   65.68186 
 101.40741   65.87885 
 101.35404   66.07568 
 101.30019   66.27235 
 101.24588   66.46887 
 101.19109   66.66521 
 101.13584   66.86140 
 101.08012   67.05742 
 101.02393   67.25326 
 100.96727   67.44894 
 100.91014   67.64444 
 100.85253   67.83976 
 100.79446   68.03491 
 100.73592   68.22988 
 100.67691   68.42466 
 100.61743   68.61926 
 100.55747   68.81368 
 100.49705   69.00790 
 100.43615   69.20194 
 100.37479   69.39578 
 100.31295   69.58942 
 100.25064   69.78287 
 100.18785   69.97612 
 100.12460   70.16917 
 100.06087   70.36201 
  99.99667   70.55465 
  99.93200   70.74708 
  99.86686   70.93930 
  99.80124   71.13131 
  99.73515   71.32310 
  99.66859   71.51468 
  99.60155   71.70604 
  99.53404   71.89718 
  99.46605   72.08809 
  99.39760   72.27878 
  99.32866   72.46925 
  99.25926   72.65948 
  99.18937   72.84948 
  99.11902   73.03925 
  99.04818   73.22878 
  98.97688   73.41808 
  98.90509   73.60714 
  98.83283   73.79595 
  98.76010   73.98452 
  98.68689   74.17284 
  98.61320   74.36092 
  98.53904   74.54874 
  98.46440   74.73631 
  98.38928   74.92363 
  98.31369   75.11069 
  98.23762   75.29749 
  98.16107   75.48403 
  98.08404   75.67030 
  98.00654   75.85631 
  97.92855   76.04205 
  97.85009   76.22753 
  97.77115   76.41273 
  97.69173   76.59765 
  97.61183   76.78230 
  97.53145   76.96667 
  97.45060   77.15076 
  97.36926   77.33457 
  97.28744   77.51809 
  97.20514   77.70133 
  97.12237   77.88427 
  97.03911   78.06693 
  96.95537   78.24929 
  96.87114   78.43136 
  96.78644   78.61312 
  96.70126   78.79459 
  96.61559   78.97576 
  96.52944   79.15662 
  96.44281   79.33717 
  96.35569   79.51742 
  96.26810   79.69735 
  96.18002   79.87698 
  96.09145   80.05628 
  96.00240   80.23527 
  95.91287   80.41394 
  95.82285   80.59229 
  95.73235   80.77032 
  95.64137   80.94802 
  95.54990   81.12539 
  95.45794   81.30243 
  95.36550   81.47914 
  95.27257   81.65551 
  95.17915   81.83155 
  95.08525   82.00725 
  94.99086   82.18261 
  94.89599   82.35762 
  94.80063   82.53229 
  94.70478   82.70662 
  94.60844   82.88059 
  94.51161   83.05421 
  94.41430   83.22748 
  94.31650   83.40039 
  94.21820   83.57294 
  94.11942   83.74513 
  94.02015   83.91696 
  93.92039   84.08843 
  93.82014   84.25953 
  93.71939   84.43025 
  93.61816   84.60061 
  93.51644   84.77060 
  93.41422   84.94021 
  93.31151   85.10944 
  93.20831   85.27829 
  93.10462   85.44676 
  93.00044   85.61484 
  92.89576   85.78254 
  92.79059   85.94985 
  92.68492   86.11677 
  92.57876   86.28330 
  92.47211   86.44943 
  92.36496   86.61516 
  92.25732   86.78050 
  92.14918   86.94543 
  92.04055   87.10996 
  91.93142   87.27409 
  91.82179   87.43780 
  91.71167   87.60111 
  91.60105   87.76400 
  91.48993   87.92648 
  91.37832   88.08855 
  91.26620   88.25019 
  91.15359   88.41141 
  91.04048   88.57221 
  90.92688   88.73258 
  90.81277   88.89253 
  90.69816   89.05205 
  90.58305   89.21113 
  90.46744   89.36978 
  90.35133   89.52800 
  90.23472   89.68577 
  90.11761   89.84311 
  90.00000   90.00000 
  89.86059   90.18448 
  89.72047   90.36825 
  89.57965   90.55132 
  89.43812   90.73367 
  89.29589   90.91531 
  89.15297   91.09625 
  89.00935   91.27647 
  88.86505   91.45598 
  88.72006   91.63478 
  88.57438   91.81287 
  88.42802   91.99025 
  88.28099   92.16691 
  88.13328   92.34287 
  87.98490   92.51811 
  87.83585   92.69263 
  87.68614   92.86645 
  87.53576   93.03955 
  87.38473   93.21194 
  87.23304   93.38362 
  87.08070   93.55458 
  86.92770   93.72482 
  86.77407   93.89435 
  86.61978   94.06317 
  86.46486   94.23127 
  86.30931   94.39866 
  86.15311   94.56533 
  85.99629   94.73129 
  85.83884   94.89653 
  85.68077   95.06105 
  85.52207   95.22486 
  85.36276   95.38795 
  85.20284   95.55032 
  85.04230   95.71197 
  84.88115   95.87291 
  84.71940   96.03313 
  84.55704   96.19263 
  84.39409   96.35141 
  84.23054   96.50948 
  84.06640   96.66682 
  83.90167   96.82345 
  83.73636   96.97935 
  83.57046   97.13454 
  83.40398   97.28901 
  83.23692   97.44275 
  83.06930   97.59578 
  82.90110   97.74809 
  82.73233   97.89967 
  82.56300   98.05053 
  82.39311   98.20067 
  82.22267   98.35009 
  82.05167   98.49879 
  81.88012   98.64677 
  81.70802   98.79402 
  81.53537   98.94055 
  81.36219   99.08636 
  81.18847   99.23144 
  81.01421   99.37580 
  80.83942   99.51944 
  80.66410   99.66235 
  80.48826   99.80454 
  80.31190   99.94600 
  80.13502  100.08674 
  79.95762  100.22675 
  79.77971  100.36604 
  79.60129  100.50460 
  79.42237  100.64244 
  79.24294  100.77955 
  79.06301  100.91593 
  78.88259  101.05159 
  78.70168  101.18652 
  78.52028  101.32073 
  78.33839  101.45421 
  78.15602  101.58695 
  77.97317  101.71898 
  77.78984  101.85027 
  77.60604  101.98084 
  77.42177  102.11067 
  77.23703  102.23978 
  77.05183  102.36816 
  76.86617  102.49581 
  76.68006  102.62273 
  76.49349  102.74892 
  76.30647  102.87439 
  76.11900  102.99912 
  75.93109  103.12312 
  75.74274  103.24639 
  75.55395  103.36893 
  75.36473  103.49074 
  75.17508  103.61181 
  74.98500  103.73216 
  74.79450  103.85177 
  74.60358  103.97065 
  74.41224  104.08880 
  74.22049  104.20622 
  74.02833  104.32291 
  73.83576  104.43886 
  73.64278  104.55408 
  73.44941  104.66856 
  73.25563  104.78231 
  73.06147  104.89533 
  72.86691  105.00762 
  72.67197  105.11917 
  72.47664  105.22998 
  72.28093  105.34006 
  72.08485  105.44941 
  71.88839  105.55802 
  71.69155  105.66589 
  71.49436  105.77304 
  71.29679  105.87944 
  71.09887  105.98511 
  70.90059  106.09004 
  70.70196  106.19424 
  70.50297  106.29769 
  70.30364  106.40042 
  70.10396  106.50240 
  69.90395  106.60365 
  69.70359  106.70416 
  69.50290  106.80394 
  69.30188  106.90297 
  69.10054  107.00127 
  68.89887  107.09883 
  68.69688  107.19565 
  68.49457  107.29173 
  68.29195  107.38707 
  68.08901  107.48168 
  67.88577  107.57554 
  67.68223  107.66867 
  67.47838  107.76105 
  67.27424  107.85270 
  67.06981  107.94360 
  66.86508  108.03377 
  66.66007  108.12320 
  66.45477  108.21188 
  66.24920  108.29982 
  66.04334  108.38703 
  65.83722  108.47349 
  65.63082  108.55921 
  65.42415  108.64419 
  65.21723  108.72843 
  65.01004  108.81192 
  64.80259  108.89467 
  64.59489  108.97668 
  64.38695  109.05795 
  64.17875  109.13848 
  63.97031  109.21826 
  63.76164  109.29730 
  63.55272  109.37560 
  63.34357  109.45315 
  63.13420  109.52996 
  62.92459  109.60602 
  62.71477  109.68135 
  62.50472  109.75592 
  62.29446  109.82976 
  62.08398  109.90285 
  61.87330  109.97519 
  61.66241  110.04679 
  61.45131  110.11765 
  61.24002  110.18776 
  61.02853  110.25712 
  60.81685  110.32574 
  60.60498  110.39361 
  60.39293  110.46074 
  60.18069  110.52712 
  59.96827  110.59276 
  59.75568  110.65765 
  59.54291  110.72179 
  59.32998  110.78519 
  59.11688  110.84784 
  58.90362  110.90974 
  58.69020  110.97089 
  58.47663  111.03130 
  58.26290  111.09096 
  58.04903  111.14988 
  57.83501  111.20804 
  57.62085  111.26546 
  57.40655  111.32213 
  57.19212  111.37805 
  56.97755  111.43323 
  56.76286  111.48765 
  56.54804  111.54133 
  56.33310  111.59426 
  56.11805  111.64644 
  55.90288  111.69787 
  55.68760  111.74855 
  55.47221  111.79848 
  55.25672  111.84767 
  55.04112  111.89610 
  54.82543  111.94378 
  54.60965  111.99072 
  54.39377  112.03690 
  54.17781  112.08234 
  53.96177  112.12702 
  53.74564  112.17095 
  53.52944  112.21414 
  53.31316  112.25657 
  53.09682  112.29825 
  52.88041  112.33918 
  52.66393  112.37936 
  52.44740  112.41879 
  52.23080  112.45747 
  52.01416  112.49539 
  51.79747  112.53257 
  51.58073  112.56899 
  51.36395  112.60466 
  51.14712  112.63958 
  50.93027  112.67375 
  50.71338  112.70717 
  50.49646  112.73983 
  50.27952  112.77174 
  50.06255  112.80290 
  49.84557  112.83331 
  49.62857  112.86296 
  49.41155  112.89186 
  49.19453  112.92001 
  48.97751  112.94741 
  48.76048  112.97405 
  48.54346  112.99994 
  48.32644  113.02507 
  48.10942  113.04946 
  47.89243  113.07309 
  47.67544  113.09596 
  47.45848  113.11808 
  47.24153  113.13945 
  47.02462  113.16007 
  46.80773  113.17993 
  46.59087  113.19904 
  46.37405  113.21739 
  46.15727  113.23499 
  45.94054  113.25183 
  45.72384  113.26792 
  45.50720  113.28326 
  45.29061  113.29784 
  45.07408  113.31166 
  44.85761  113.32473 
  44.64120  113.33705 
  44.42486  113.34861 
  44.20859  113.35942 
  43.99239  113.36947 
  43.77627  113.37877 
  43.56023  113.38731 
  43.34427  113.39509 
  43.12840  113.40212 
  42.91262  113.40840 
  42.69693  113.41392 
  42.48134  113.41868 
  42.26586  113.42269 
  42.05047  113.42594 
  41.83520  113.42844 
  41.62003  113.43018 
  41.40498  113.43116 
  41.19005  113.43139 
  40.97524  113.43087 
  40.76055  113.42958 
  40.54599  113.42754 
  40.33157  113.42475 
  40.11727  113.42120 
  39.90312  113.41689 
  39.68911  113.41182 
  39.47524  113.40600 
  39.26152  113.39942 
  39.04796  113.39209 
  38.83454  113.38400 
  38.62129  113.37515 
  38.40820  113.36555 
  38.19528  113.35519 
  37.98252  113.34407 
  37.76994  113.33219 
  37.55753  113.31956 
  37.34530  113.30617 
  37.13325  113.29203 
  36.92139  113.27712 
  36.70972  113.26146 
  36.49824  113.24505 
  36.28696  113.22787 
  36.07588  113.20994 
  35.86500  113.19125 
  35.65432  113.17181 
  35.44386  113.15160 
  35.23361  113.13064 
  35.02357  113.10893 
  34.81376  113.08645 
  34.60417  113.06322 
  34.39480  113.03923 
  34.18567  113.01448 
  33.97677  112.98898 
  33.76810  112.96271 
  33.55968  112.93569 
  33.35149  112.90792 
  33.14356  112.87938 
  32.93587  112.85009 
  32.72844  112.82004 
  32.52127  112.78923 
  32.31436  112.75767 
  32.10771  112.72534 
  31.90132  112.69226 
  31.69521  112.65843 
  31.48937  112.62383 
  31.28381  112.58848 
  31.07853  112.55237 
  30.87354  112.51550 
  30.66883  112.47787 
  30.46441  112.43949 
  30.26028  112.40035 
  30.05646  112.36045 
  29.85293  112.31979 
  29.64971  112.27838 
  29.44679  112.23621 
  29.24419  112.19328 
  29.04190  112.14959 
  28.83993  112.10514 
  28.63828  112.05994 
  28.43695  112.01398 
  28.23595  111.96727 
  28.03528  111.91979 
  27.83495  111.87156 
  27.63495  111.82257 
  27.43530  111.77282 
  27.23599  111.72232 
  27.03702  111.67105 
  26.83841  111.61904 
  26.64015  111.56626 
  26.44225  111.51272 
  26.24471  111.45843 
  26.04753  111.40338 
  25.85073  111.34758 
  25.65429  111.29101 
  25.45823  111.23369 
  25.26254  111.17562 
  25.06724  111.11678 
  24.87232  111.05719 
  24.67778  110.99684 
  24.48364  110.93573 
  24.28990  110.87387 
  24.09655  110.81125 
  23.90360  110.74788 
  23.71105  110.68374 
  23.51891  110.61885 
  23.32719  110.55320 
  23.13587  110.48680 
  22.94498  110.41964 
  22.75450  110.35172 
  22.56445  110.28305 
  22.37483  110.21362 
  22.18563  110.14343 
  21.99687  110.07249 
  21.80855  110.00079 
  21.62067  109.92834 
  21.43323  109.85513 
  21.24624  109.78116 
  21.05970  109.70643 
  20.87361  109.63096 
  20.68798  109.55472 
  20.50281  109.47773 
  20.31810  109.39998 
  20.13386  109.32148 
  19.95008  109.24222 
  19.76679  109.16221 
  19.58396  109.08144 
  19.40162  108.99991 
  19.21976  108.91763 
  19.03839  108.83460 
  18.85750  108.75081 
  18.67711  108.66626 
  18.49721  108.58096 
  18.31782  108.49491 
  18.13892  108.40810 
  17.96053  108.32053 
  17.78265  108.23221 
  17.60529  108.14314 
  17.42843  108.05331 
  17.25210  107.96272 
  17.07629  107.87139 
  16.90100  107.77930 
  16.72624  107.68645 
  16.55201  107.59285 
  16.37832  107.49850 
  16.20516  107.40339 
  16.03255  107.30753 
  15.86047  107.21091 
  15.68895  107.11355 
  15.51798  107.01542 
  15.34756  106.91655 
  15.17770  106.81692 
  15.00840  106.71654 
  14.83966  106.61541 
  14.67149  106.51352 
  14.50389  106.41088 
  14.33686  106.30749 
  14.17041  106.20334 
  14.00453  106.09845 
  13.83924  105.99280 
  13.67454  105.88640 
  13.51042  105.77924 
  13.34690  105.67134 
  13.18397  105.56268 
  13.02164  105.45327 
  12.85991  105.34311 
  12.69879  105.23220 
  12.53827  105.12054 
  12.37836  105.00812 
  12.21907  104.89496 
  12.06040  104.78104 
  11.90235  104.66638 
  11.74491  104.55096 
  11.58811  104.43479 
  11.43194  104.31787 
  11.27640  104.20020 
  11.12149  104.08179 
  10.96723  103.96262 
  10.81360  103.84270 
  10.66063  103.72203 
  10.50830  103.60061 
  10.35662  103.47845 
  10.20560  103.35553 
  10.05523  103.23187 
   9.90553  103.10745 
   9.75649  102.98229 
   9.60811  102.85638 
   9.46041  102.72972 
   9.31338  102.60231 
   9.16703  102.47415 
   9.02135  102.34525 
   8.87636  102.21559 
   8.73206  102.08519 
   8.58844  101.95405 
   8.44552  101.82215 
   8.30329  101.68951 
   8.16175  101.55612 
   8.02092  101.42198 
   7.88080  101.28710 
   7.74137  101.15147 
   7.60266  101.01509 
   7.46467  100.87797 
   7.32739  100.74010 
   7.19083  100.60148 
   7.05499  100.46212 
   6.91987  100.32202 
   6.78549  100.18116 
   6.65183  100.03957 
   6.51891   99.89722 
   6.38673   99.75414 
   6.25529   99.61030 
   6.12459   99.46573 
   5.99464   99.32040 
   5.86544   99.17434 
   5.73699   99.02753 
   5.60929   98.87998 
   5.48236   98.73168 
   5.35618   98.58264 
   5.23077   98.43285 
   5.10613   98.28233 
   4.98226   98.13106 
   4.85916   97.97905 
   4.73683   97.82629 
   4.61529   97.67279 
   4.49453   97.51855 
   4.37455   97.36357 
   4.25536   97.20785 
   4.13697   97.05138 
   4.01937   96.89418 
   3.90256   96.73623 
   3.78655   96.57754 
   3.67135   96.41811 
   3.55695   96.25794 
   3.44337   96.09703 
   3.33059   95.93537 
   3.21863   95.77298 
   3.10749   95.60985 
   2.99716   95.44598 
   2.88766   95.28137 
   2.77899   95.11601 
   2.67115   94.94992 
   2.56414   94.78309 
   2.45796   94.61553 
   2.35262   94.44722 
   2.24813   94.27817 
   2.14447   94.10839 
   2.04167   93.93787 
   1.93971   93.76661 
   1.83861   93.59461 
   1.73836   93.42187 
   1.63897   93.24840 
   1.54044   93.07419 
   1.44277   92.89924 
   1.34598   92.72356 
   1.25005   92.54714 
   1.15499   92.36998 
   1.06081   92.19208 
   0.96751   92.01345 
   0.87509   91.83409 
   0.78356   91.65399 
   0.69291   91.47315 
   0.60315   91.29158 
   0.51429   91.10927 
   0.42632   90.92623 
   0.33924   90.74245 
   0.25307   90.55794 
   0.16781   90.37269 
   0.08345   90.18671 
   0.00000   90.00000 
  -0.05766   89.86946 
  -0.11496   89.73863 
  -0.17190   89.60750 
  -0.22847   89.47608 
  -0.28469   89.34437 
  -0.34054   89.21237 
  -0.39603   89.08008 
  -0.45117   88.94749 
  -0.50595   88.81462 
  -0.56037   88.68145 
  -0.61444   88.54800 
  -0.66815   88.41426 
  -0.72150   88.28023 
  -0.77451   88.14591 
  -0.82716   88.01131 
  -0.87946   87.87642 
  -0.93141   87.74125 
  -0.98301   87.60579 
  -1.03426   87.47005 
  -1.08517   87.33402 
  -1.13573   87.19771 
  -1.18594   87.06112 
  -1.23580   86.92424 
  -1.28532   86.78708 
  -1.33450   86.64964 
  -1.38334   86.51193 
  -1.43183   86.37393 
  -1.47998   86.23565 
  -1.52779   86.09709 
  -1.57526   85.95826 
  -1.62240   85.81915 
  -1.66919   85.67976 
  -1.71565   85.54009 
  -1.76178   85.40015 
  -1.80757   85.25993 
  -1.85302   85.11944 
  -1.89814   84.97867 
  -1.94293   84.83763 
  -1.98739   84.69632 
  -2.03152   84.55473 
  -2.07531   84.41287 
  -2.11878   84.27075 
  -2.16192   84.12834 
  -2.20473   83.98567 
  -2.24722   83.84273 
  -2.28938   83.69952 
  -2.33122   83.55605 
  -2.37273   83.41230 
  -2.41392   83.26828 
  -2.45478   83.12400 
  -2.49533   82.97946 
  -2.53555   82.83464 
  -2.57546   82.68956 
  -2.61505   82.54422 
  -2.65431   82.39861 
  -2.69326   82.25274 
  -2.73190   82.10661 
  -2.77022   81.96021 
  -2.80822   81.81355 
  -2.84591   81.66664 
  -2.88329   81.51946 
  -2.92036   81.37201 
  -2.95711   81.22431 
  -2.99356   81.07636 
  -3.02969   80.92814 
  -3.06552   80.77966 
  -3.10104   80.63093 
  -3.13625   80.48194 
  -3.17115   80.33269 
  -3.20575   80.18319 
  -3.24005   80.03344 
  -3.27404   79.88342 
  -3.30773   79.73316 
  -3.34111   79.58264 
  -3.37420   79.43187 
  -3.40698   79.28085 
  -3.43947   79.12957 
  -3.47165   78.97804 
  -3.50354   78.82627 
  -3.53513   78.67424 
  -3.56643   78.52196 
  -3.59743   78.36944 
  -3.62813   78.21667 
  -3.65854   78.06364 
  -3.68866   77.91038 
  -3.71849   77.75686 
  -3.74802   77.60310 
  -3.77727   77.44910 
  -3.80622   77.29484 
  -3.83489   77.14035 
  -3.86327   76.98561 
  -3.89136   76.83063 
  -3.91916   76.67540 
  -3.94668   76.51994 
  -3.97392   76.36423 
  -4.00087   76.20828 
  -4.02754   76.05209 
  -4.05392   75.89566 
  -4.08002   75.73900 
  -4.10585   75.58209 
  -4.13139   75.42495 
  -4.15665   75.26756 
  -4.18164   75.10995 
  -4.20635   74.95209 
  -4.23078   74.79400 
  -4.25494   74.63568 
  -4.27882   74.47712 
  -4.30243   74.31832 
  -4.32576   74.15930 
  -4.34882   74.00004 
  -4.37161   73.84054 
  -4.39413   73.68082 
  -4.41638   73.52087 
  -4.43836   73.36068 
  -4.46007   73.20027 
  -4.48151   73.03962 
  -4.50269   72.87875 
  -4.52360   72.71765 
  -4.54424   72.55632 
  -4.56462   72.39476 
  -4.58474   72.23298 
  -4.60459   72.07097 
  -4.62418   71.90874 
  -4.64352   71.74628 
  -4.66259   71.58360 
  -4.68140   71.42069 
  -4.69995   71.25756 
  -4.71824   71.09421 
  -4.73628   70.93064 
  -4.75406   70.76684 
  -4.77158   70.60283 
  -4.78885   70.43859 
  -4.80586   70.27414 
  -4.82263   70.10947 
  -4.83914   69.94457 
  -4.85539   69.77946 
  -4.87140   69.61414 
  -4.88716   69.44859 
  -4.90266   69.28283 
  -4.91792   69.11686 
  -4.93293   68.95067 
  -4.94769   68.78427 
  -4.96221   68.61765 
  -4.97648   68.45082 
  -4.99051   68.28377 
  -5.00429   68.11652 
  -5.01783   67.94905 
  -5.03113   67.78137 
  -5.04419   67.61348 
  -5.05700   67.44539 
  -5.06958   67.27708 
  -5.08192   67.10857 
  -5.09402   66.93984 
  -5.10588   66.77091 
  -5.11750   66.60178 
  -5.12889   66.43243 
  -5.14004   66.26288 
  -5.15096   66.09313 
  -5.16164   65.92317 
  -5.17209   65.75301 
  -5.18231   65.58265 
  -5.19230   65.41208 
  -5.20206   65.24131 
  -5.21159   65.07034 
  -5.22088   64.89916 
  -5.22995   64.72779 
  -5.23880   64.55622 
  -5.24741   64.38445 
  -5.25580   64.21248 
  -5.26397   64.04031 
  -5.27191   63.86795 
  -5.27962   63.69538 
  -5.28711   63.52263 
  -5.29439   63.34967 
  -5.30144   63.17652 
  -5.30826   63.00318 
  -5.31487   62.82964 
  -5.32126   62.65591 
  -5.32744   62.48199 
  -5.33339   62.30787 
  -5.33913   62.13357 
  -5.34465   61.95907 
  -5.34995   61.78438 
  -5.35505   61.60950 
  -5.35992   61.43444 
  -5.36459   61.25918 
  -5.36904   61.08374 
  -5.37328   60.90810 
  -5.37731   60.73229 
  -5.38113   60.55628 
  -5.38474   60.38009 
  -5.38814   60.20372 
  -5.39134   60.02716 
  -5.39433   59.85041 
  -5.39711   59.67349 
  -5.39968   59.49638 
  -5.40206   59.31909 
  -5.40422   59.14161 
  -5.40619   58.96396 
  -5.40795   58.78613 
  -5.40951   58.60811 
  -5.41087   58.42992 
  -5.41203   58.25155 
  -5.41298   58.07300 
  -5.41374   57.89427 
  -5.41431   57.71536 
  -5.41467   57.53628 
  -5.41484   57.35703 
  -5.41481   57.17760 
  -5.41459   56.99799 
  -5.41417   56.81821 
  -5.41356   56.63826 
  -5.41276   56.45813 
  -5.41177   56.27784 
  -5.41058   56.09737 
  -5.40920   55.91673 
  -5.40764   55.73592 
  -5.40588   55.55494 
  -5.40394   55.37379 
  -5.40181   55.19247 
  -5.39949   55.01098 
  -5.39698   54.82933 
  -5.39429   54.64751 
  -5.39142   54.46553 
  -5.38836   54.28337 
  -5.38511   54.10106 
  -5.38169   53.91858 
  -5.37808   53.73593 
  -5.37430   53.55312 
  -5.37033   53.37015 
  -5.36618   53.18702 
  -5.36185   53.00373 
  -5.35735   52.82027 
  -5.35267   52.63665 
  -5.34781   52.45288 
  -5.34278   52.26895 
  -5.33757   52.08485 
  -5.33218   51.90060 
  -5.32662   51.71619 
  -5.32089   51.53163 
  -5.31499   51.34691 
  -5.30891   51.16203 
  -5.30267   50.97700 
  -5.29625   50.79182 
  -5.28967   50.60648 
  -5.28291   50.42098 
  -5.27599   50.23534 
  -5.26890   50.04954 
  -5.26165   49.86359 
  -5.25422   49.67750 
  -5.24664   49.49125 
  -5.23889   49.30485 
  -5.23097   49.11830 
  -5.22289   48.93160 
  -5.21465   48.74476 
  -5.20625   48.55777 
  -5.19769   48.37063 
  -5.18897   48.18335 
  -5.18008   47.99592 
  -5.17104   47.80834 
  -5.16184   47.62063 
  -5.15249   47.43276 
  -5.14298   47.24476 
  -5.13331   47.05661 
  -5.12348   46.86832 
  -5.11351   46.67989 
  -5.10337   46.49132 
  -5.09309   46.30261 
  -5.08265   46.11376 
  -5.07206   45.92477 
  -5.06132   45.73564 
  -5.05043   45.54638 
  -5.03939   45.35698 
  -5.02821   45.16744 
  -5.01687   44.97776 
  -5.00538   44.78795 
  -4.99375   44.59801 
  -4.98198   44.40793 
  -4.97006   44.21772 
  -4.95799   44.02737 
  -4.94578   43.83689 
  -4.93343   43.64628 
  -4.92093   43.45554 
  -4.90829   43.26467 
  -4.89551   43.07367 
  -4.88260   42.88254 
  -4.86954   42.69128 
  -4.85634   42.49990 
  -4.84300   42.30838 
  -4.82953   42.11674 
  -4.81592   41.92497 
  -4.80217   41.73308 
  -4.78829   41.54106 
  -4.77427   41.34892 
  -4.76012   41.15665 
  -4.74583   40.96426 
  -4.73142   40.77175 
  -4.71687   40.57912 
  -4.70219   40.38636 
  -4.68737   40.19348 
  -4.67243   40.00048 
  -4.65736   39.80737 
  -4.64216   39.61413 
  -4.62683   39.42077 
  -4.61138   39.22730 
  -4.59580   39.03371 
  -4.58009   38.84000 
  -4.56426   38.64618 
  -4.54830   38.45224 
  -4.53222   38.25819 
  -4.51601   38.06402 
  -4.49969   37.86974 
  -4.48324   37.67534 
  -4.46667   37.48083 
  -4.44998   37.28621 
  -4.43317   37.09148 
  -4.41624   36.89664 
  -4.39919   36.70169 
  -4.38203   36.50663 
  -4.36475   36.31146 
  -4.34735   36.11618 
  -4.32983   35.92079 
  -4.31220   35.72530 
  -4.29446   35.52970 
  -4.27660   35.33399 
  -4.25863   35.13818 
  -4.24055   34.94227 
  -4.22236   34.74625 
  -4.20405   34.55012 
  -4.18564   34.35389 
  -4.16711   34.15757 
  -4.14848   33.96113 
  -4.12974   33.76460 
  -4.11089   33.56797 
  -4.09193   33.37124 
  -4.07287   33.17440 
  -4.05370   32.97747 
  -4.03443   32.78045 
  -4.01505   32.58332 
  -3.99557   32.38610 
  -3.97599   32.18878 
  -3.95630   31.99136 
  -3.93651   31.79385 
  -3.91663   31.59624 
  -3.89664   31.39854 
  -3.87655   31.20075 
  -3.85636   31.00287 
  -3.83608   30.80489 
  -3.81570   30.60682 
  -3.79522   30.40866 
  -3.77464   30.21041 
  -3.75397   30.01207 
  -3.73320   29.81364 
  -3.71234   29.61512 
  -3.69139   29.41652 
  -3.67034   29.21783 
  -3.64920   29.01905 
  -3.62797   28.82018 
  -3.60665   28.62123 
  -3.58524   28.42219 
  -3.56374   28.22307 
  -3.54215   28.02387 
  -3.52047   27.82458 
  -3.49870   27.62521 
  -3.47685   27.42576 
  -3.45491   27.22622 
  -3.43289   27.02661 
  -3.41078   26.82692 
  -3.38858   26.62714 
  -3.36630   26.42729 
  -3.34394   26.22736 
  -3.32150   26.02735 
  -3.29897   25.82727 
  -3.27637   25.62710 
  -3.25368   25.42687 
  -3.23092   25.22655 
  -3.20807   25.02616 
  -3.18515   24.82570 
  -3.16215   24.62517 
  -3.13907   24.42456 
  -3.11591   24.22388 
  -3.09268   24.02312 
  -3.06937   23.82230 
  -3.04599   23.62141 
  -3.02254   23.42044 
  -2.99901   23.21941 
  -2.97541   23.01831 
  -2.95174   22.81714 
  -2.92800   22.61590 
  -2.90418   22.41459 
  -2.88030   22.21322 
  -2.85635   22.01179 
  -2.83233   21.81028 
  -2.80824   21.60872 
  -2.78408   21.40709 
  -2.75985   21.20539 
  -2.73556   21.00364 
  -2.71121   20.80182 
  -2.68679   20.59994 
  -2.66231   20.39800 
  -2.63776   20.19600 
  -2.61315   19.99394 
  -2.58848   19.79182 
  -2.56374   19.58964 
  -2.53895   19.38741 
  -2.51409   19.18511 
  -2.48918   18.98276 
  -2.46420   18.78036 
  -2.43917   18.57790 
  -2.41408   18.37538 
  -2.38893   18.17281 
  -2.36373   17.97019 
  -2.33847   17.76751 
  -2.31316   17.56478 
  -2.28779   17.36200 
  -2.26237   17.15917 
  -2.23689   16.95629 
  -2.21136   16.75335 
  -2.18578   16.55037 
  -2.16015   16.34734 
  -2.13447   16.14426 
  -2.10874   15.94113 
  -2.08296   15.73796 
  -2.05713   15.53474 
  -2.03125   15.33147 
  -2.00532   15.12816 
  -1.97935   14.92480 
  -1.95333   14.72140 
  -1.92727   14.51796 
  -1.90116   14.31447 
  -1.87501   14.11094 
  -1.84881   13.90737 
  -1.82257   13.70376 
  -1.79629   13.50011 
  -1.76997   13.29642 
  -1.74360   13.09269 
  -1.71720   12.88892 
  -1.69076   12.68511 
  -1.66427   12.48127 
  -1.63775   12.27739 
  -1.61119   12.07347 
  -1.58459   11.86952 
  -1.55796   11.66553 
  -1.53129   11.46151 
  -1.50459   11.25745 
  -1.47785   11.05336 
  -1.45107   10.84924 
  -1.42427   10.64509 
  -1.39743   10.44090 
  -1.37055   10.23669 
  -1.34365   10.03244 
  -1.31672    9.82816 
  -1.28975    9.62386 
  -1.26276    9.41953 
  -1.23574    9.21517 
  -1.20869    9.01078 
  -1.18161    8.80636 
  -1.15450    8.60192 
  -1.12737    8.39746 
  -1.10021    8.19297 
  -1.07303    7.98845 
  -1.04582    7.78392 
  -1.01859    7.57936 
  -0.99133    7.37477 
  -0.96406    7.17017 
  -0.93676    6.96554 
  -0.90944    6.76090 
  -0.88209    6.55623 
  -0.85473    6.35154 
  -0.82735    6.14684 
  -0.79995    5.94212 
  -0.77253    5.73738 
  -0.74510    5.53262 
  -0.71764    5.32785 
  -0.69018    5.12306 
  -0.66269    4.91825 
  -0.63519    4.71344 
  -0.60768    4.50860 
  -0.58015    4.30376 
  -0.55261    4.09890 
  -0.52505    3.89403 
  -0.49749    3.68915 
  -0.46991    3.48425 
  -0.44233    3.27935 
  -0.41473    3.07444 
  -0.38712    2.86952 
  -0.35951    2.66459 
  -0.33188    2.45965 
  -0.30425    2.25470 
  -0.27661    2.04975 
  -0.24897    1.84479 
  -0.22132    1.63983 
  -0.19367    1.43486 
  -0.16601    1.22989 
  -0.13835    1.02491 
  -0.11068    0.81993 
  -0.08301    0.61495 
  -0.05534    0.40997 
  -0.02767    0.20499 
   0.00000    0.00000 
