   0.00000    0.00000 
   0.00000    0.00000 
   0.02894   -0.01321 
   0.11582   -0.05270 
   0.26077   -0.11821 
   0.46390   -0.20946 
   0.72535   -0.32614 
   1.04526   -0.46793 
   1.42378   -0.63449 
   1.86105   -0.82545 
   2.35725   -1.04043 
   2.91254   -1.27899 
   3.52709   -1.54068 
   4.20111   -1.82500 
   4.93479   -2.13144 
   5.72834   -2.45940 
   6.58199   -2.80825 
   7.49597   -3.17731 
   8.47053   -3.56580 
   9.50593   -3.97290 
  10.60245   -4.39767 
  11.76038   -4.83907 
  12.98002   -5.29596 
  14.26168   -5.76703 
  15.60567   -6.25079 
  17.01233   -6.74558 
  18.48195   -7.24945 
  20.01481   -7.76019 
  21.61114   -8.27520 
  23.27106   -8.79145 
  24.99453   -9.30536 
  26.78125   -9.81271 
  28.63046  -10.30848 
  30.54078  -10.78680 
  32.50978  -11.24088 
  34.53369  -11.66312 
  36.60692  -12.04552 
  38.72201  -12.38033 
  40.86987  -12.66090 
  43.04051  -12.88231 
  45.22402  -13.04161 
  47.41129  -13.13754 
  49.59444  -13.17008 
  51.76683  -13.13999 
  53.92302  -13.04842 
  56.05853  -12.89672 
  58.16971  -12.68626 
  60.25350  -12.41839 
  62.30740  -12.09437 
  64.32926  -11.71539 
  66.31730  -11.28253 
  68.26996  -10.79680 
  70.18592  -10.25909 
  72.06402   -9.67026 
  73.90324   -9.03107 
  75.70268   -8.34222 
  77.46156   -7.60436 
  79.17916   -6.81808 
  80.85485   -5.98394 
  82.48804   -5.10244 
  84.07823   -4.17405 
  85.62494   -3.19922 
  87.12772   -2.17835 
  88.58620   -1.11182 
  90.00000    0.00000 
  91.09429    0.91809 
  92.15972    1.86444 
  93.19601    2.83876 
  94.20287    3.84075 
  95.18000    4.87010 
  96.12711    5.92647 
  97.04389    7.00951 
  97.93002    8.11887 
  98.78519    9.25417 
  99.60906   10.41501 
 100.40132   11.60100 
 101.16162   12.81168 
 101.88962   14.04663 
 102.58498   15.30537 
 103.24734   16.58741 
 103.87634   17.89223 
 104.47164   19.21930 
 105.03285   20.56806 
 105.55962   21.93792 
 106.05157   23.32826 
 106.50835   24.73844 
 106.92956   26.16779 
 107.31485   27.61561 
 107.66385   29.08115 
 107.97619   30.56366 
 108.25150   32.06232 
 108.48944   33.57630 
 108.68967   35.10472 
 108.85183   36.64668 
 108.97562   38.20123 
 109.06071   39.76738 
 109.10682   41.34410 
 109.11368   42.93035 
 109.08104   44.52501 
 109.00866   46.12695 
 108.89637   47.73501 
 108.74398   49.34798 
 108.55137   50.96463 
 108.31844   52.58368 
 108.04513   54.20385 
 107.73144   55.82383 
 107.37739   57.44227 
 106.98305   59.05783 
 106.54855   60.66915 
 106.07405   62.27486 
 105.55976   63.87358 
 105.00597   65.46395 
 104.41296   67.04462 
 103.78112   68.61422 
 103.11083   70.17144 
 102.40254   71.71496 
 101.65674   73.24351 
 100.87396   74.75583 
 100.05475   76.25070 
  99.19971   77.72694 
  98.30944   79.18340 
  97.38461   80.61899 
  96.42585   82.03265 
  95.43387   83.42335 
  94.40934   84.79012 
  93.35297   86.13204 
  92.26549   87.44821 
  91.14759   88.73780 
  90.00000   90.00000 
  88.72506   91.33464 
  87.41713   92.63533 
  86.07723   93.90111 
  84.70644   95.13102 
  83.30592   96.32411 
  81.87685   97.47944 
  80.42053   98.59607 
  78.93827   99.67311 
  77.43148  100.70967 
  75.90160  101.70491 
  74.35015  102.65803 
  72.77869  103.56825 
  71.18882  104.43486 
  69.58219  105.25721 
  67.96050  106.03469 
  66.32544  106.76677 
  64.67877  107.45296 
  63.02223  108.09286 
  61.35759  108.68613 
  59.68658  109.23249 
  58.01097  109.73175 
  56.33249  110.18377 
  54.65285  110.58847 
  52.97372  110.94584 
  51.29676  111.25592 
  49.62358  111.51883 
  47.95573  111.73470 
  46.29475  111.90374 
  44.64210  112.02619 
  42.99921  112.10232 
  41.36744  112.13244 
  39.74811  112.11688 
  38.14248  112.05602 
  36.55176  111.95024 
  34.97712  111.79993 
  33.41966  111.60552 
  31.88044  111.36742 
  30.36046  111.08608 
  28.86070  110.76193 
  27.38208  110.39543 
  25.92545  109.98701 
  24.49167  109.53714 
  23.08152  109.04624 
  21.69576  108.51478 
  20.33511  107.94318 
  19.00025  107.33189 
  17.69184  106.68134 
  16.41049  105.99196 
  15.15681  105.26416 
  13.93135  104.49835 
  12.73465  103.69495 
  11.56723  102.85435 
  10.42958  101.97694 
   9.32216  101.06311 
   8.24543  100.11322 
   7.19980   99.12765 
   6.18568   98.10676 
   5.20347   97.05089 
   4.25354   95.96040 
   3.33624   94.83561 
   2.45191   93.67686 
   1.60089   92.48447 
   0.78349   91.25875 
   0.00000   90.00000 
  -0.52828   89.09911 
  -1.03978   88.18218 
  -1.53451   87.24921 
  -2.01248   86.30019 
  -2.47367   85.33513 
  -2.91809   84.35403 
  -3.34574   83.35688 
  -3.75663   82.34369 
  -4.15074   81.31445 
  -4.52808   80.26918 
  -4.88864   79.20786 
  -5.23244   78.13049 
  -5.55947   77.03709 
  -5.86973   75.92764 
  -6.16321   74.80214 
  -6.43993   73.66061 
  -6.69987   72.50303 
  -6.94305   71.32941 
  -7.16945   70.13974 
  -7.37909   68.93403 
  -7.57195   67.71228 
  -7.74804   66.47448 
  -7.90736   65.22064 
  -8.04991   63.95076 
  -8.17569   62.66483 
  -8.28470   61.36286 
  -8.37694   60.04485 
  -8.45241   58.71080 
  -8.51110   57.36070 
  -8.55303   55.99456 
  -8.57819   54.61237 
  -8.58657   53.21414 
  -8.57819   51.79987 
  -8.55303   50.36956 
  -8.51110   48.92320 
  -8.45241   47.46080 
  -8.37694   45.98235 
  -8.28470   44.48786 
  -8.17569   42.97733 
  -8.04991   41.45076 
  -7.90736   39.90814 
  -7.74804   38.34948 
  -7.57195   36.77478 
  -7.37908   35.18403 
  -7.16945   33.57724 
  -6.94305   31.95440 
  -6.69987   30.31553 
  -6.43993   28.66061 
  -6.16321   26.98964 
  -5.86973   25.30264 
  -5.55947   23.59959 
  -5.23244   21.88049 
  -4.88864   20.14536 
  -4.52807   18.39418 
  -4.15073   16.62695 
  -3.75662   14.84369 
  -3.34574   13.04438 
  -2.91809   11.22902 
  -2.47367    9.39763 
  -2.01248    7.55019 
  -1.53451    5.68671 
  -1.03978    3.80718 
  -0.52827    1.91161 
   0.00000    0.00000 
