   0.00000    0.00000 
   0.00000    0.00000 
   0.00044   -0.00020 
   0.00176   -0.00081 
   0.00396   -0.00183 
   0.00704   -0.00325 
   0.01100   -0.00508 
   0.01585   -0.00732 
   0.02157   -0.00995 
   0.02818   -0.01300 
   0.03566   -0.01644 
   0.04403   -0.02029 
   0.05328   -0.02454 
   0.06342   -0.02920 
   0.07443   -0.03425 
   0.08633   -0.03971 
   0.09911   -0.04556 
   0.11278   -0.05182 
   0.12733   -0.05848 
   0.14276   -0.06553 
   0.15907   -0.07299 
   0.17627   -0.08084 
   0.19436   -0.08909 
   0.21333   -0.09773 
   0.23318   -0.10678 
   0.25392   -0.11621 
   0.27555   -0.12605 
   0.29806   -0.13628 
   0.32146   -0.14690 
   0.34574   -0.15792 
   0.37091   -0.16932 
   0.39696   -0.18113 
   0.42391   -0.19332 
   0.45174   -0.20590 
   0.48045   -0.21888 
   0.51006   -0.23225 
   0.54055   -0.24600 
   0.57193   -0.26015 
   0.60420   -0.27468 
   0.63736   -0.28960 
   0.67141   -0.30491 
   0.70634   -0.32060 
   0.74217   -0.33668 
   0.77889   -0.35314 
   0.81649   -0.36999 
   0.85499   -0.38723 
   0.89437   -0.40484 
   0.93465   -0.42284 
   0.97582   -0.44123 
   1.01788   -0.45999 
   1.06083   -0.47913 
   1.10468   -0.49866 
   1.14942   -0.51856 
   1.19505   -0.53884 
   1.24157   -0.55950 
   1.28898   -0.58054 
   1.33729   -0.60195 
   1.38649   -0.62374 
   1.43659   -0.64591 
   1.48758   -0.66845 
   1.53947   -0.69136 
   1.59225   -0.71465 
   1.64593   -0.73831 
   1.70050   -0.76234 
   1.75597   -0.78674 
   1.81233   -0.81151 
   1.86959   -0.83665 
   1.92775   -0.86216 
   1.98680   -0.88804 
   2.04676   -0.91428 
   2.10761   -0.94089 
   2.16935   -0.96787 
   2.23200   -0.99521 
   2.29555   -1.02291 
   2.35999   -1.05098 
   2.42533   -1.07940 
   2.49158   -1.10819 
   2.55872   -1.13734 
   2.62677   -1.16685 
   2.69571   -1.19672 
   2.76556   -1.22695 
   2.83631   -1.25753 
   2.90796   -1.28847 
   2.98051   -1.31977 
   3.05396   -1.35142 
   3.12832   -1.38342 
   3.20358   -1.41577 
   3.27975   -1.44848 
   3.35682   -1.48154 
   3.43479   -1.51495 
   3.51367   -1.54870 
   3.59345   -1.58281 
   3.67414   -1.61726 
   3.75573   -1.65205 
   3.83823   -1.68719 
   3.92164   -1.72268 
   4.00596   -1.75851 
   4.09118   -1.79468 
   4.17731   -1.83119 
   4.26434   -1.86804 
   4.35229   -1.90522 
   4.44114   -1.94275 
   4.53091   -1.98061 
   4.62158   -2.01881 
   4.71317   -2.05734 
   4.80566   -2.09621 
   4.89907   -2.13541 
   4.99339   -2.17494 
   5.08862   -2.21479 
   5.18476   -2.25498 
   5.28181   -2.29550 
   5.37978   -2.33634 
   5.47866   -2.37750 
   5.57845   -2.41899 
   5.67916   -2.46081 
   5.78079   -2.50294 
   5.88332   -2.54539 
   5.98678   -2.58817 
   6.09115   -2.63126 
   6.19644   -2.67467 
   6.30264   -2.71839 
   6.40976   -2.76242 
   6.51780   -2.80677 
   6.62676   -2.85143 
   6.73664   -2.89640 
   6.84744   -2.94168 
   6.95915   -2.98726 
   7.07179   -3.03315 
   7.18535   -3.07934 
   7.29982   -3.12584 
   7.41522   -3.17264 
   7.53155   -3.21973 
   7.64879   -3.26713 
   7.76696   -3.31482 
   7.88605   -3.36280 
   8.00607   -3.41108 
   8.12701   -3.45965 
   8.24888   -3.50852 
   8.37167   -3.55767 
   8.49538   -3.60710 
   8.62003   -3.65683 
   8.74560   -3.70683 
   8.87210   -3.75712 
   8.99953   -3.80769 
   9.12789   -3.85853 
   9.25717   -3.90966 
   9.38739   -3.96105 
   9.51853   -4.01273 
   9.65061   -4.06467 
   9.78362   -4.11688 
   9.91756   -4.16936 
  10.05243   -4.22210 
  10.18824   -4.27511 
  10.32498   -4.32838 
  10.46265   -4.38191 
  10.60126   -4.43569 
  10.74081   -4.48974 
  10.88129   -4.54403 
  11.02270   -4.59858 
  11.16506   -4.65337 
  11.30835   -4.70842 
  11.45258   -4.76370 
  11.59775   -4.81923 
  11.74386   -4.87500 
  11.89091   -4.93101 
  12.03889   -4.98725 
  12.18782   -5.04373 
  12.33770   -5.10044 
  12.48851   -5.15737 
  12.64027   -5.21453 
  12.79297   -5.27192 
  12.94661   -5.32952 
  13.10120   -5.38735 
  13.25674   -5.44539 
  13.41322   -5.50364 
  13.57065   -5.56210 
  13.72902   -5.62077 
  13.88834   -5.67964 
  14.04861   -5.73872 
  14.20983   -5.79799 
  14.37200   -5.85746 
  14.53512   -5.91713 
  14.69919   -5.97698 
  14.86422   -6.03702 
  15.03019   -6.09724 
  15.19712   -6.15765 
  15.36500   -6.21823 
  15.53383   -6.27898 
  15.70362   -6.33991 
  15.87436   -6.40100 
  16.04606   -6.46225 
  16.21872   -6.52367 
  16.39233   -6.58524 
  16.56690   -6.64697 
  16.74243   -6.70884 
  16.91892   -6.77086 
  17.09636   -6.83302 
  17.27477   -6.89532 
  17.45414   -6.95775 
  17.63447   -7.02031 
  17.81575   -7.08299 
  17.99801   -7.14580 
  18.18122   -7.20873 
  18.36540   -7.27176 
  18.55054   -7.33491 
  18.73664   -7.39815 
  18.92371   -7.46150 
  19.11174   -7.52494 
  19.30074   -7.58847 
  19.49071   -7.65208 
  19.68164   -7.71577 
  19.87354   -7.77954 
  20.06641   -7.84338 
  20.26024   -7.90727 
  20.45504   -7.97123 
  20.65081   -8.03524 
  20.84755   -8.09930 
  21.04526   -8.16340 
  21.24393   -8.22753 
  21.44358   -8.29170 
  21.64419   -8.35589 
  21.84577   -8.42009 
  22.04833   -8.48431 
  22.25185   -8.54853 
  22.45634   -8.61275 
  22.66180   -8.67696 
  22.86824   -8.74115 
  23.07564   -8.80532 
  23.28401   -8.86946 
  23.49335   -8.93357 
  23.70365   -8.99763 
  23.91493   -9.06163 
  24.12717   -9.12558 
  24.34038   -9.18946 
  24.55456   -9.25326 
  24.76970   -9.31698 
  24.98581   -9.38060 
  25.20288   -9.44413 
  25.42092   -9.50754 
  25.63992   -9.57084 
  25.85988   -9.63400 
  26.08080   -9.69703 
  26.30267   -9.75991 
  26.52551   -9.82263 
  26.74930   -9.88518 
  26.97404   -9.94756 
  27.19973  -10.00975 
  27.42637  -10.07174 
  27.65396  -10.13352 
  27.88250  -10.19508 
  28.11197  -10.25641 
  28.34238  -10.31749 
  28.57373  -10.37832 
  28.80601  -10.43888 
  29.03922  -10.49917 
  29.27336  -10.55916 
  29.50841  -10.61885 
  29.74438  -10.67822 
  29.98127  -10.73726 
  30.21906  -10.79596 
  30.45775  -10.85430 
  30.69733  -10.91227 
  30.93781  -10.96986 
  31.17918  -11.02705 
  31.42141  -11.08383 
  31.66453  -11.14018 
  31.90850  -11.19609 
  32.15333  -11.25155 
  32.39901  -11.30653 
  32.64552  -11.36103 
  32.89287  -11.41503 
  33.14104  -11.46851 
  33.39002  -11.52146 
  33.63980  -11.57387 
  33.89037  -11.62571 
  34.14173  -11.67698 
  34.39384  -11.72766 
  34.64672  -11.77773 
  34.90034  -11.82718 
  35.15469  -11.87598 
  35.40975  -11.92414 
  35.66552  -11.97163 
  35.92198  -12.01844 
  36.17911  -12.06455 
  36.43690  -12.10994 
  36.69533  -12.15462 
  36.95440  -12.19855 
  37.21407  -12.24173 
  37.47433  -12.28415 
  37.73518  -12.32578 
  37.99658  -12.36662 
  38.25852  -12.40666 
  38.52099  -12.44589 
  38.78397  -12.48428 
  39.04743  -12.52184 
  39.31136  -12.55855 
  39.57574  -12.59440 
  39.84055  -12.62938 
  40.10577  -12.66349 
  40.37138  -12.69671 
  40.63737  -12.72903 
  40.90372  -12.76045 
  41.17039  -12.79096 
  41.43739  -12.82056 
  41.70468  -12.84923 
  41.97225  -12.87697 
  42.24008  -12.90378 
  42.50815  -12.92965 
  42.77645  -12.95457 
  43.04494  -12.97855 
  43.31363  -13.00158 
  43.58248  -13.02365 
  43.85148  -13.04476 
  44.12062  -13.06492 
  44.38987  -13.08411 
  44.65922  -13.10233 
  44.92865  -13.11959 
  45.19815  -13.13589 
  45.46770  -13.15121 
  45.73728  -13.16557 
  46.00688  -13.17895 
  46.27649  -13.19137 
  46.54608  -13.20282 
  46.81565  -13.21329 
  47.08518  -13.22280 
  47.35465  -13.23134 
  47.62406  -13.23892 
  47.89339  -13.24552 
  48.16262  -13.25117 
  48.43175  -13.25585 
  48.70076  -13.25956 
  48.96964  -13.26232 
  49.23837  -13.26411 
  49.50695  -13.26495 
  49.77537  -13.26484 
  50.04360  -13.26377 
  50.31165  -13.26175 
  50.57951  -13.25878 
  50.84715  -13.25486 
  51.11458  -13.25000 
  51.38178  -13.24420 
  51.64874  -13.23745 
  51.91545  -13.22977 
  52.18191  -13.22115 
  52.44811  -13.21160 
  52.71403  -13.20112 
  52.97967  -13.18971 
  53.24502  -13.17738 
  53.51007  -13.16412 
  53.77482  -13.14995 
  54.03925  -13.13485 
  54.30336  -13.11884 
  54.56715  -13.10192 
  54.83060  -13.08409 
  55.09370  -13.06535 
  55.35646  -13.04571 
  55.61887  -13.02516 
  55.88091  -13.00372 
  56.14258  -12.98138 
  56.40388  -12.95814 
  56.66480  -12.93401 
  56.92533  -12.90899 
  57.18547  -12.88309 
  57.44522  -12.85630 
  57.70456  -12.82863 
  57.96349  -12.80008 
  58.22201  -12.77065 
  58.48011  -12.74035 
  58.73778  -12.70917 
  58.99503  -12.67713 
  59.25184  -12.64422 
  59.50822  -12.61044 
  59.76415  -12.57580 
  60.01964  -12.54030 
  60.27467  -12.50395 
  60.52925  -12.46673 
  60.78337  -12.42867 
  61.03702  -12.38975 
  61.29020  -12.34998 
  61.54292  -12.30937 
  61.79515  -12.26791 
  62.04691  -12.22561 
  62.29818  -12.18247 
  62.54897  -12.13849 
  62.79927  -12.09368 
  63.04907  -12.04803 
  63.29837  -12.00154 
  63.54717  -11.95423 
  63.79547  -11.90609 
  64.04326  -11.85713 
  64.29054  -11.80734 
  64.53730  -11.75673 
  64.78355  -11.70529 
  65.02927  -11.65304 
  65.27448  -11.59998 
  65.51916  -11.54609 
  65.76330  -11.49140 
  66.00692  -11.43589 
  66.25001  -11.37958 
  66.49255  -11.32246 
  66.73456  -11.26453 
  66.97602  -11.20580 
  67.21694  -11.14627 
  67.45731  -11.08593 
  67.69714  -11.02480 
  67.93641  -10.96287 
  68.17512  -10.90015 
  68.41328  -10.83663 
  68.65088  -10.77232 
  68.88792  -10.70722 
  69.12439  -10.64133 
  69.36030  -10.57465 
  69.59564  -10.50719 
  69.83041  -10.43894 
  70.06461  -10.36991 
  70.29823  -10.30010 
  70.53128  -10.22951 
  70.76375  -10.15814 
  70.99564  -10.08599 
  71.22695  -10.01307 
  71.45767   -9.93937 
  71.68781   -9.86490 
  71.91736   -9.78966 
  72.14632   -9.71365 
  72.37469   -9.63687 
  72.60246   -9.55933 
  72.82965   -9.48102 
  73.05623   -9.40194 
  73.28222   -9.32210 
  73.50760   -9.24150 
  73.73239   -9.16014 
  73.95657   -9.07802 
  74.18015   -8.99514 
  74.40312   -8.91150 
  74.62549   -8.82711 
  74.84724   -8.74196 
  75.06839   -8.65606 
  75.28892   -8.56941 
  75.50884   -8.48201 
  75.72814   -8.39386 
  75.94683   -8.30496 
  76.16490   -8.21531 
  76.38235   -8.12492 
  76.59918   -8.03378 
  76.81539   -7.94189 
  77.03098   -7.84927 
  77.24594   -7.75590 
  77.46028   -7.66179 
  77.67399   -7.56694 
  77.88707   -7.47135 
  78.09952   -7.37503 
  78.31134   -7.27797 
  78.52253   -7.18017 
  78.73308   -7.08164 
  78.94301   -6.98237 
  79.15229   -6.88238 
  79.36094   -6.78165 
  79.56896   -6.68019 
  79.77633   -6.57800 
  79.98306   -6.47508 
  80.18916   -6.37143 
  80.39461   -6.26706 
  80.59942   -6.16196 
  80.80358   -6.05614 
  81.00710   -5.94959 
  81.20998   -5.84232 
  81.41220   -5.73433 
  81.61378   -5.62562 
  81.81471   -5.51618 
  82.01499   -5.40603 
  82.21462   -5.29516 
  82.41360   -5.18357 
  82.61192   -5.07126 
  82.80959   -4.95824 
  83.00660   -4.84450 
  83.20296   -4.73005 
  83.39867   -4.61488 
  83.59371   -4.49900 
  83.78810   -4.38241 
  83.98183   -4.26511 
  84.17490   -4.14710 
  84.36731   -4.02837 
  84.55905   -3.90894 
  84.75014   -3.78880 
  84.94056   -3.66796 
  85.13032   -3.54640 
  85.31941   -3.42414 
  85.50783   -3.30118 
  85.69559   -3.17751 
  85.88269   -3.05314 
  86.06911   -2.92807 
  86.25487   -2.80229 
  86.43995   -2.67581 
  86.62437   -2.54863 
  86.80811   -2.42075 
  86.99119   -2.29217 
  87.17359   -2.16290 
  87.35532   -2.03292 
  87.53637   -1.90225 
  87.71675   -1.77088 
  87.89646   -1.63882 
  88.07548   -1.50606 
  88.25384   -1.37260 
  88.43151   -1.23846 
  88.60851   -1.10361 
  88.78483   -0.96808 
  88.96046   -0.83185 
  89.13542   -0.69494 
  89.30970   -0.55733 
  89.48330   -0.41903 
  89.65622   -0.28004 
  89.82845   -0.14036 
  90.00000    0.00000 
  90.13760    0.11349 
  90.27475    0.22742 
  90.41146    0.34180 
  90.54772    0.45662 
  90.68354    0.57189 
  90.81891    0.68760 
  90.95384    0.80375 
  91.08832    0.92034 
  91.22235    1.03737 
  91.35593    1.15485 
  91.48907    1.27276 
  91.62175    1.39111 
  91.75399    1.50991 
  91.88578    1.62914 
  92.01712    1.74881 
  92.14800    1.86891 
  92.27844    1.98945 
  92.40842    2.11043 
  92.53794    2.23185 
  92.66702    2.35370 
  92.79564    2.47598 
  92.92381    2.59870 
  93.05152    2.72185 
  93.17877    2.84543 
  93.30557    2.96944 
  93.43191    3.09389 
  93.55780    3.21876 
  93.68323    3.34407 
  93.80819    3.46981 
  93.93270    3.59597 
  94.05675    3.72256 
  94.18034    3.84958 
  94.30347    3.97703 
  94.42613    4.10490 
  94.54834    4.23320 
  94.67008    4.36193 
  94.79135    4.49107 
  94.91217    4.62065 
  95.03252    4.75064 
  95.15240    4.88106 
  95.27182    5.01190 
  95.39077    5.14316 
  95.50926    5.27484 
  95.62727    5.40694 
  95.74482    5.53946 
  95.86190    5.67239 
  95.97851    5.80575 
  96.09465    5.93952 
  96.21033    6.07371 
  96.32552    6.20831 
  96.44025    6.34333 
  96.55451    6.47876 
  96.66829    6.61461 
  96.78160    6.75087 
  96.89443    6.88754 
  97.00679    7.02462 
  97.11867    7.16212 
  97.23008    7.30002 
  97.34101    7.43833 
  97.45147    7.57705 
  97.56144    7.71618 
  97.67094    7.85572 
  97.77996    7.99566 
  97.88849    8.13601 
  97.99655    8.27676 
  98.10413    8.41792 
  98.21122    8.55948 
  98.31783    8.70144 
  98.42396    8.84380 
  98.52960    8.98657 
  98.63476    9.12973 
  98.73944    9.27329 
  98.84363    9.41726 
  98.94733    9.56162 
  99.05055    9.70637 
  99.15328    9.85153 
  99.25552    9.99708 
  99.35727   10.14302 
  99.45853   10.28936 
  99.55930   10.43609 
  99.65958   10.58321 
  99.75937   10.73072 
  99.85867   10.87863 
  99.95747   11.02692 
 100.05578   11.17560 
 100.15360   11.32467 
 100.25092   11.47413 
 100.34774   11.62397 
 100.44407   11.77420 
 100.53991   11.92482 
 100.63524   12.07582 
 100.73008   12.22720 
 100.82442   12.37896 
 100.91826   12.53110 
 101.01159   12.68362 
 101.10443   12.83653 
 101.19677   12.98981 
 101.28860   13.14347 
 101.37993   13.29750 
 101.47076   13.45191 
 101.56108   13.60670 
 101.65090   13.76185 
 101.74021   13.91739 
 101.82901   14.07329 
 101.91731   14.22956 
 102.00510   14.38621 
 102.09239   14.54322 
 102.17916   14.70061 
 102.26542   14.85835 
 102.35117   15.01647 
 102.43642   15.17495 
 102.52115   15.33380 
 102.60536   15.49300 
 102.68907   15.65257 
 102.77226   15.81251 
 102.85493   15.97280 
 102.93709   16.13345 
 103.01873   16.29446 
 103.09986   16.45583 
 103.18047   16.61755 
 103.26056   16.77963 
 103.34013   16.94206 
 103.41918   17.10485 
 103.49772   17.26798 
 103.57573   17.43147 
 103.65321   17.59531 
 103.73018   17.75950 
 103.80662   17.92403 
 103.88254   18.08892 
 103.95794   18.25414 
 104.03281   18.41972 
 104.10715   18.58563 
 104.18097   18.75189 
 104.25426   18.91849 
 104.32702   19.08543 
 104.39925   19.25271 
 104.47095   19.42033 
 104.54212   19.58828 
 104.61276   19.75657 
 104.68287   19.92520 
 104.75245   20.09415 
 104.82149   20.26344 
 104.89000   20.43306 
 104.95798   20.60301 
 105.02541   20.77329 
 105.09232   20.94390 
 105.15868   21.11483 
 105.22451   21.28609 
 105.28980   21.45768 
 105.35455   21.62958 
 105.41876   21.80181 
 105.48243   21.97435 
 105.54556   22.14722 
 105.60815   22.32040 
 105.67020   22.49390 
 105.73170   22.66772 
 105.79265   22.84185 
 105.85307   23.01629 
 105.91293   23.19105 
 105.97225   23.36611 
 106.03103   23.54148 
 106.08925   23.71717 
 106.14693   23.89315 
 106.20406   24.06945 
 106.26063   24.24604 
 106.31666   24.42294 
 106.37213   24.60014 
 106.42706   24.77764 
 106.48143   24.95544 
 106.53524   25.13353 
 106.58851   25.31192 
 106.64121   25.49060 
 106.69336   25.66958 
 106.74496   25.84885 
 106.79600   26.02841 
 106.84648   26.20826 
 106.89640   26.38839 
 106.94576   26.56881 
 106.99456   26.74952 
 107.04280   26.93051 
 107.09048   27.11178 
 107.13759   27.29333 
 107.18415   27.47516 
 107.23013   27.65726 
 107.27556   27.83964 
 107.32042   28.02230 
 107.36471   28.20523 
 107.40844   28.38843 
 107.45160   28.57190 
 107.49419   28.75563 
 107.53621   28.93964 
 107.57766   29.12391 
 107.61854   29.30844 
 107.65885   29.49324 
 107.69859   29.67829 
 107.73776   29.86361 
 107.77635   30.04918 
 107.81437   30.23501 
 107.85182   30.42109 
 107.88869   30.60743 
 107.92498   30.79402 
 107.96070   30.98085 
 107.99584   31.16793 
 108.03040   31.35526 
 108.06439   31.54284 
 108.09779   31.73066 
 108.13062   31.91871 
 108.16286   32.10701 
 108.19452   32.29555 
 108.22560   32.48432 
 108.25610   32.67333 
 108.28601   32.86257 
 108.31534   33.05204 
 108.34408   33.24174 
 108.37224   33.43166 
 108.39981   33.62182 
 108.42680   33.81219 
 108.45319   34.00279 
 108.47900   34.19361 
 108.50422   34.38465 
 108.52885   34.57591 
 108.55289   34.76738 
 108.57634   34.95906 
 108.59920   35.15096 
 108.62146   35.34307 
 108.64314   35.53538 
 108.66422   35.72790 
 108.68470   35.92063 
 108.70459   36.11355 
 108.72389   36.30668 
 108.74258   36.50001 
 108.76069   36.69353 
 108.77819   36.88725 
 108.79510   37.08116 
 108.81141   37.27527 
 108.82712   37.46956 
 108.84223   37.66404 
 108.85673   37.85870 
 108.87064   38.05355 
 108.88395   38.24858 
 108.89665   38.44379 
 108.90876   38.63917 
 108.92026   38.83473 
 108.93115   39.03047 
 108.94144   39.22638 
 108.95113   39.42245 
 108.96021   39.61870 
 108.96868   39.81510 
 108.97655   40.01168 
 108.98381   40.20841 
 108.99046   40.40530 
 108.99650   40.60235 
 109.00194   40.79956 
 109.00676   40.99692 
 109.01098   41.19443 
 109.01458   41.39209 
 109.01758   41.58989 
 109.01996   41.78784 
 109.02173   41.98593 
 109.02289   42.18417 
 109.02344   42.38254 
 109.02337   42.58104 
 109.02269   42.77969 
 109.02139   42.97846 
 109.01948   43.17736 
 109.01696   43.37639 
 109.01381   43.57554 
 109.01006   43.77482 
 109.00568   43.97422 
 109.00069   44.17374 
 108.99508   44.37337 
 108.98886   44.57312 
 108.98201   44.77298 
 108.97455   44.97294 
 108.96647   45.17302 
 108.95776   45.37320 
 108.94844   45.57348 
 108.93850   45.77387 
 108.92794   45.97435 
 108.91675   46.17492 
 108.90495   46.37559 
 108.89252   46.57636 
 108.87947   46.77721 
 108.86580   46.97814 
 108.85151   47.17916 
 108.83659   47.38027 
 108.82105   47.58145 
 108.80489   47.78271 
 108.78810   47.98404 
 108.77069   48.18544 
 108.75266   48.38692 
 108.73400   48.58846 
 108.71471   48.79007 
 108.69480   48.99174 
 108.67426   49.19347 
 108.65310   49.39526 
 108.63132   49.59710 
 108.60890   49.79900 
 108.58586   50.00094 
 108.56220   50.20293 
 108.53790   50.40497 
 108.51298   50.60706 
 108.48744   50.80918 
 108.46126   51.01134 
 108.43446   51.21354 
 108.40703   51.41576 
 108.37898   51.61802 
 108.35030   51.82031 
 108.32098   52.02262 
 108.29104   52.22496 
 108.26048   52.42731 
 108.22928   52.62969 
 108.19746   52.83208 
 108.16501   53.03448 
 108.13193   53.23689 
 108.09822   53.43931 
 108.06388   53.64173 
 108.02892   53.84416 
 107.99333   54.04659 
 107.95711   54.24901 
 107.92026   54.45143 
 107.88278   54.65384 
 107.84467   54.85624 
 107.80594   55.05863 
 107.76658   55.26100 
 107.72659   55.46335 
 107.68597   55.66568 
 107.64472   55.86799 
 107.60285   56.07028 
 107.56035   56.27253 
 107.51722   56.47475 
 107.47346   56.67694 
 107.42908   56.87909 
 107.38407   57.08121 
 107.33843   57.28328 
 107.29217   57.48530 
 107.24528   57.68728 
 107.19776   57.88921 
 107.14962   58.09109 
 107.10085   58.29291 
 107.05146   58.49467 
 107.00144   58.69638 
 106.95079   58.89802 
 106.89952   59.09959 
 106.84763   59.30110 
 106.79511   59.50253 
 106.74197   59.70390 
 106.68820   59.90518 
 106.63381   60.10639 
 106.57880   60.30751 
 106.52317   60.50855 
 106.46691   60.70951 
 106.41003   60.91037 
 106.35253   61.11114 
 106.29441   61.31182 
 106.23567   61.51239 
 106.17630   61.71287 
 106.11632   61.91325 
 106.05572   62.11352 
 105.99450   62.31368 
 105.93266   62.51373 
 105.87021   62.71366 
 105.80713   62.91348 
 105.74344   63.11319 
 105.67913   63.31276 
 105.61421   63.51222 
 105.54867   63.71155 
 105.48252   63.91075 
 105.41575   64.10981 
 105.34837   64.30874 
 105.28038   64.50754 
 105.21177   64.70619 
 105.14255   64.90470 
 105.07272   65.10307 
 105.00228   65.30129 
 104.93123   65.49935 
 104.85957   65.69727 
 104.78730   65.89502 
 104.71443   66.09262 
 104.64094   66.29006 
 104.56685   66.48733 
 104.49216   66.68444 
 104.41686   66.88138 
 104.34095   67.07814 
 104.26444   67.27474 
 104.18733   67.47115 
 104.10962   67.66739 
 104.03130   67.86344 
 103.95239   68.05931 
 103.87287   68.25499 
 103.79276   68.45049 
 103.71205   68.64579 
 103.63074   68.84089 
 103.54883   69.03580 
 103.46633   69.23051 
 103.38323   69.42501 
 103.29954   69.61931 
 103.21526   69.81341 
 103.13038   70.00729 
 103.04492   70.20096 
 102.95886   70.39441 
 102.87221   70.58765 
 102.78498   70.78067 
 102.69715   70.97346 
 102.60874   71.16603 
 102.51975   71.35837 
 102.43017   71.55049 
 102.34001   71.74237 
 102.24926   71.93401 
 102.15793   72.12542 
 102.06603   72.31659 
 101.97354   72.50751 
 101.88047   72.69819 
 101.78683   72.88863 
 101.69261   73.07881 
 101.59781   73.26874 
 101.50244   73.45842 
 101.40649   73.64784 
 101.30998   73.83700 
 101.21289   74.02590 
 101.11523   74.21454 
 101.01700   74.40291 
 100.91821   74.59101 
 100.81884   74.77885 
 100.71892   74.96640 
 100.61842   75.15369 
 100.51737   75.34069 
 100.41575   75.52742 
 100.31357   75.71386 
 100.21083   75.90002 
 100.10753   76.08589 
 100.00367   76.27147 
  99.89925   76.45676 
  99.79428   76.64176 
  99.68876   76.82646 
  99.58268   77.01087 
  99.47605   77.19497 
  99.36888   77.37877 
  99.26115   77.56227 
  99.15287   77.74546 
  99.04404   77.92834 
  98.93467   78.11091 
  98.82476   78.29316 
  98.71430   78.47510 
  98.60330   78.65673 
  98.49176   78.83803 
  98.37968   79.01901 
  98.26706   79.19967 
  98.15390   79.38000 
  98.04021   79.56001 
  97.92599   79.73968 
  97.81123   79.91902 
  97.69593   80.09803 
  97.58011   80.27670 
  97.46376   80.45503 
  97.34688   80.63302 
  97.22947   80.81067 
  97.11154   80.98798 
  96.99308   81.16494 
  96.87411   81.34155 
  96.75460   81.51781 
  96.63458   81.69372 
  96.51404   81.86927 
  96.39298   82.04447 
  96.27141   82.21931 
  96.14932   82.39379 
  96.02672   82.56791 
  95.90360   82.74166 
  95.77998   82.91505 
  95.65584   83.08807 
  95.53120   83.26072 
  95.40605   83.43300 
  95.28039   83.60491 
  95.15423   83.77645 
  95.02757   83.94760 
  94.90040   84.11838 
  94.77273   84.28878 
  94.64457   84.45879 
  94.51591   84.62843 
  94.38675   84.79767 
  94.25710   84.96653 
  94.12695   85.13500 
  93.99632   85.30308 
  93.86519   85.47077 
  93.73357   85.63806 
  93.60146   85.80496 
  93.46887   85.97146 
  93.33580   86.13756 
  93.20223   86.30326 
  93.06819   86.46855 
  92.93367   86.63344 
  92.79866   86.79793 
  92.66318   86.96201 
  92.52722   87.12568 
  92.39079   87.28894 
  92.25388   87.45178 
  92.11650   87.61422 
  91.97865   87.77624 
  91.84032   87.93784 
  91.70153   88.09902 
  91.56228   88.25978 
  91.42255   88.42012 
  91.28236   88.58004 
  91.14171   88.73953 
  91.00060   88.89859 
  90.85903   89.05723 
  90.71700   89.21544 
  90.57451   89.37322 
  90.43156   89.53057 
  90.28816   89.68748 
  90.14431   89.84396 
  90.00000   90.00000 
  89.84276   90.16898 
  89.68500   90.33743 
  89.52670   90.50537 
  89.36788   90.67279 
  89.20854   90.83968 
  89.04867   91.00604 
  88.88829   91.17188 
  88.72738   91.33719 
  88.56596   91.50197 
  88.40402   91.66621 
  88.24157   91.82992 
  88.07861   91.99309 
  87.91514   92.15573 
  87.75117   92.31782 
  87.58669   92.47937 
  87.42171   92.64037 
  87.25622   92.80083 
  87.09024   92.96074 
  86.92376   93.12010 
  86.75679   93.27891 
  86.58932   93.43716 
  86.42137   93.59486 
  86.25292   93.75200 
  86.08400   93.90858 
  85.91458   94.06460 
  85.74469   94.22006 
  85.57431   94.37495 
  85.40346   94.52927 
  85.23213   94.68303 
  85.06033   94.83622 
  84.88806   94.98883 
  84.71533   95.14087 
  84.54212   95.29233 
  84.36845   95.44321 
  84.19432   95.59351 
  84.01974   95.74324 
  83.84469   95.89237 
  83.66919   96.04093 
  83.49324   96.18889 
  83.31684   96.33627 
  83.13999   96.48305 
  82.96270   96.62925 
  82.78496   96.77484 
  82.60679   96.91984 
  82.42817   97.06425 
  82.24913   97.20805 
  82.06965   97.35125 
  81.88974   97.49385 
  81.70940   97.63584 
  81.52864   97.77723 
  81.34745   97.91800 
  81.16585   98.05817 
  80.98383   98.19772 
  80.80139   98.33666 
  80.61855   98.47498 
  80.43529   98.61268 
  80.25163   98.74977 
  80.06756   98.88623 
  79.88309   99.02207 
  79.69822   99.15729 
  79.51296   99.29188 
  79.32730   99.42584 
  79.14126   99.55917 
  78.95482   99.69187 
  78.76800   99.82393 
  78.58080   99.95536 
  78.39322  100.08616 
  78.20526  100.21631 
  78.01693  100.34583 
  77.82823  100.47470 
  77.63916  100.60294 
  77.44973  100.73052 
  77.25993  100.85746 
  77.06977  100.98375 
  76.87926  101.10939 
  76.68840  101.23438 
  76.49718  101.35872 
  76.30561  101.48240 
  76.11370  101.60543 
  75.92145  101.72780 
  75.72886  101.84951 
  75.53594  101.97056 
  75.34268  102.09095 
  75.14909  102.21067 
  74.95518  102.32973 
  74.76094  102.44812 
  74.56638  102.56584 
  74.37151  102.68290 
  74.17631  102.79928 
  73.98081  102.91499 
  73.78500  103.03003 
  73.58889  103.14439 
  73.39247  103.25807 
  73.19575  103.37108 
  72.99874  103.48340 
  72.80144  103.59505 
  72.60385  103.70601 
  72.40597  103.81629 
  72.20780  103.92589 
  72.00936  104.03480 
  71.81064  104.14302 
  71.61165  104.25055 
  71.41239  104.35739 
  71.21286  104.46354 
  71.01307  104.56900 
  70.81301  104.67376 
  70.61270  104.77783 
  70.41214  104.88120 
  70.21133  104.98388 
  70.01027  105.08585 
  69.80896  105.18713 
  69.60741  105.28771 
  69.40563  105.38758 
  69.20361  105.48675 
  69.00137  105.58522 
  68.79889  105.68298 
  68.59619  105.78003 
  68.39327  105.87638 
  68.19014  105.97202 
  67.98678  106.06694 
  67.78322  106.16116 
  67.57946  106.25467 
  67.37548  106.34746 
  67.17131  106.43954 
  66.96694  106.53091 
  66.76238  106.62156 
  66.55762  106.71149 
  66.35268  106.80071 
  66.14756  106.88921 
  65.94226  106.97699 
  65.73678  107.06405 
  65.53112  107.15039 
  65.32530  107.23601 
  65.11931  107.32091 
  64.91316  107.40508 
  64.70685  107.48853 
  64.50038  107.57125 
  64.29376  107.65325 
  64.08699  107.73453 
  63.88008  107.81508 
  63.67302  107.89490 
  63.46582  107.97399 
  63.25849  108.05235 
  63.05103  108.12999 
  62.84343  108.20689 
  62.63571  108.28306 
  62.42788  108.35851 
  62.21992  108.43322 
  62.01185  108.50720 
  61.80366  108.58044 
  61.59537  108.65296 
  61.38697  108.72474 
  61.17848  108.79578 
  60.96988  108.86609 
  60.76119  108.93567 
  60.55241  109.00451 
  60.34354  109.07262 
  60.13459  109.13998 
  59.92556  109.20661 
  59.71645  109.27251 
  59.50726  109.33767 
  59.29801  109.40209 
  59.08869  109.46577 
  58.87931  109.52871 
  58.66986  109.59091 
  58.46036  109.65238 
  58.25080  109.71310 
  58.04120  109.77309 
  57.83155  109.83234 
  57.62185  109.89085 
  57.41212  109.94861 
  57.20235  110.00564 
  56.99254  110.06193 
  56.78271  110.11747 
  56.57285  110.17228 
  56.36296  110.22634 
  56.15306  110.27967 
  55.94314  110.33225 
  55.73320  110.38409 
  55.52326  110.43519 
  55.31331  110.48555 
  55.10335  110.53517 
  54.89340  110.58405 
  54.68345  110.63219 
  54.47350  110.67958 
  54.26357  110.72624 
  54.05365  110.77215 
  53.84374  110.81733 
  53.63385  110.86176 
  53.42399  110.90545 
  53.21415  110.94840 
  53.00434  110.99061 
  52.79456  111.03208 
  52.58482  111.07281 
  52.37512  111.11280 
  52.16546  111.15205 
  51.95584  111.19056 
  51.74627  111.22833 
  51.53676  111.26536 
  51.32729  111.30165 
  51.11789  111.33720 
  50.90854  111.37202 
  50.69926  111.40609 
  50.49005  111.43943 
  50.28090  111.47203 
  50.07183  111.50389 
  49.86283  111.53502 
  49.65392  111.56541 
  49.44508  111.59506 
  49.23633  111.62397 
  49.02767  111.65215 
  48.81910  111.67960 
  48.61062  111.70631 
  48.40224  111.73228 
  48.19396  111.75752 
  47.98578  111.78203 
  47.77771  111.80580 
  47.56975  111.82884 
  47.36190  111.85115 
  47.15416  111.87272 
  46.94654  111.89357 
  46.73904  111.91368 
  46.53167  111.93306 
  46.32442  111.95171 
  46.11730  111.96963 
  45.91031  111.98682 
  45.70346  112.00329 
  45.49674  112.01902 
  45.29016  112.03403 
  45.08373  112.04831 
  44.87744  112.06186 
  44.67130  112.07469 
  44.46531  112.08679 
  44.25948  112.09817 
  44.05380  112.10882 
  43.84828  112.11875 
  43.64292  112.12795 
  43.43773  112.13644 
  43.23271  112.14420 
  43.02785  112.15124 
  42.82317  112.15755 
  42.61866  112.16315 
  42.41434  112.16803 
  42.21019  112.17219 
  42.00622  112.17564 
  41.80244  112.17836 
  41.59885  112.18037 
  41.39545  112.18166 
  41.19224  112.18224 
  40.98923  112.18210 
  40.78642  112.18125 
  40.58381  112.17968 
  40.38140  112.17740 
  40.17920  112.17441 
  39.97720  112.17071 
  39.77542  112.16630 
  39.57385  112.16118 
  39.37249  112.15535 
  39.17136  112.14881 
  38.97044  112.14156 
  38.76975  112.13361 
  38.56928  112.12495 
  38.36904  112.11559 
  38.16903  112.10552 
  37.96925  112.09474 
  37.76970  112.08327 
  37.57039  112.07109 
  37.37133  112.05821 
  37.17250  112.04463 
  36.97392  112.03035 
  36.77558  112.01537 
  36.57749  111.99969 
  36.37965  111.98332 
  36.18206  111.96625 
  35.98473  111.94848 
  35.78766  111.93001 
  35.59084  111.91086 
  35.39429  111.89101 
  35.19800  111.87046 
  35.00197  111.84923 
  34.80621  111.82730 
  34.61073  111.80469 
  34.41551  111.78138 
  34.22057  111.75739 
  34.02591  111.73270 
  33.83152  111.70734 
  33.63741  111.68128 
  33.44359  111.65454 
  33.25005  111.62712 
  33.05680  111.59901 
  32.86383  111.57022 
  32.67116  111.54075 
  32.47878  111.51059 
  32.28669  111.47976 
  32.09490  111.44825 
  31.90341  111.41606 
  31.71222  111.38319 
  31.52133  111.34964 
  31.33074  111.31542 
  31.14046  111.28052 
  30.95049  111.24495 
  30.76083  111.20871 
  30.57148  111.17180 
  30.38244  111.13421 
  30.19372  111.09595 
  30.00532  111.05702 
  29.81724  111.01743 
  29.62947  110.97716 
  29.44203  110.93623 
  29.25492  110.89463 
  29.06813  110.85237 
  28.88166  110.80944 
  28.69553  110.76585 
  28.50973  110.72160 
  28.32427  110.67668 
  28.13913  110.63111 
  27.95434  110.58487 
  27.76988  110.53797 
  27.58577  110.49042 
  27.40199  110.44221 
  27.21856  110.39334 
  27.03548  110.34382 
  26.85274  110.29364 
  26.67035  110.24280 
  26.48831  110.19132 
  26.30662  110.13918 
  26.12529  110.08639 
  25.94431  110.03295 
  25.76369  109.97886 
  25.58343  109.92412 
  25.40352  109.86873 
  25.22398  109.81270 
  25.04480  109.75602 
  24.86599  109.69870 
  24.68754  109.64073 
  24.50946  109.58212 
  24.33175  109.52286 
  24.15441  109.46296 
  23.97744  109.40243 
  23.80084  109.34125 
  23.62463  109.27943 
  23.44878  109.21698 
  23.27332  109.15389 
  23.09823  109.09016 
  22.92353  109.02579 
  22.74921  108.96080 
  22.57527  108.89516 
  22.40172  108.82890 
  22.22855  108.76200 
  22.05578  108.69447 
  21.88339  108.62631 
  21.71139  108.55752 
  21.53979  108.48810 
  21.36858  108.41806 
  21.19777  108.34739 
  21.02735  108.27609 
  20.85733  108.20416 
  20.68771  108.13162 
  20.51849  108.05844 
  20.34967  107.98465 
  20.18125  107.91023 
  20.01324  107.83520 
  19.84564  107.75954 
  19.67844  107.68326 
  19.51165  107.60637 
  19.34527  107.52886 
  19.17930  107.45073 
  19.01374  107.37198 
  18.84860  107.29262 
  18.68387  107.21265 
  18.51956  107.13206 
  18.35566  107.05086 
  18.19219  106.96905 
  18.02913  106.88662 
  17.86649  106.80359 
  17.70428  106.71995 
  17.54249  106.63570 
  17.38112  106.55084 
  17.22018  106.46538 
  17.05967  106.37931 
  16.89958  106.29263 
  16.73992  106.20535 
  16.58069  106.11747 
  16.42190  106.02898 
  16.26354  105.93990 
  16.10561  105.85021 
  15.94811  105.75992 
  15.79105  105.66903 
  15.63443  105.57755 
  15.47825  105.48546 
  15.32250  105.39278 
  15.16720  105.29950 
  15.01234  105.20563 
  14.85792  105.11117 
  14.70394  105.01611 
  14.55041  104.92045 
  14.39733  104.82421 
  14.24469  104.72737 
  14.09250  104.62994 
  13.94075  104.53193 
  13.78946  104.43332 
  13.63862  104.33413 
  13.48823  104.23435 
  13.33829  104.13398 
  13.18881  104.03303 
  13.03978  103.93149 
  12.89121  103.82936 
  12.74310  103.72666 
  12.59544  103.62337 
  12.44824  103.51950 
  12.30151  103.41505 
  12.15523  103.31002 
  12.00941  103.20440 
  11.86406  103.09821 
  11.71917  102.99145 
  11.57475  102.88410 
  11.43079  102.77618 
  11.28730  102.66768 
  11.14428  102.55861 
  11.00172  102.44896 
  10.85964  102.33874 
  10.71802  102.22795 
  10.57688  102.11658 
  10.43621  102.00465 
  10.29601  101.89214 
  10.15628  101.77906 
  10.01703  101.66542 
   9.87826  101.55120 
   9.73996  101.43642 
   9.60214  101.32107 
   9.46480  101.20516 
   9.32794  101.08868 
   9.19155  100.97164 
   9.05565  100.85403 
   8.92023  100.73586 
   8.78529  100.61712 
   8.65084  100.49783 
   8.51687  100.37797 
   8.38339  100.25755 
   8.25039  100.13658 
   8.11788  100.01504 
   7.98585   99.89295 
   7.85432   99.77030 
   7.72327   99.64709 
   7.59271   99.52333 
   7.46265   99.39901 
   7.33307   99.27414 
   7.20399   99.14871 
   7.07540   99.02273 
   6.94731   98.89620 
   6.81971   98.76912 
   6.69261   98.64148 
   6.56600   98.51330 
   6.43989   98.38456 
   6.31427   98.25528 
   6.18916   98.12544 
   6.06454   97.99506 
   5.94043   97.86414 
   5.81681   97.73266 
   5.69370   97.60064 
   5.57109   97.46808 
   5.44898   97.33497 
   5.32738   97.20132 
   5.20628   97.06712 
   5.08569   96.93239 
   4.96560   96.79711 
   4.84602   96.66129 
   4.72694   96.52493 
   4.60838   96.38803 
   4.49032   96.25059 
   4.37277   96.11262 
   4.25573   95.97410 
   4.13921   95.83505 
   4.02319   95.69546 
   3.90769   95.55534 
   3.79269   95.41468 
   3.67822   95.27349 
   3.56425   95.13176 
   3.45081   94.98950 
   3.33787   94.84671 
   3.22546   94.70339 
   3.11356   94.55954 
   3.00217   94.41515 
   2.89131   94.27024 
   2.78097   94.12479 
   2.67114   93.97882 
   2.56183   93.83232 
   2.45305   93.68529 
   2.34478   93.53773 
   2.23704   93.38965 
   2.12982   93.24105 
   2.02313   93.09192 
   1.91695   92.94226 
   1.81131   92.79208 
   1.70618   92.64138 
   1.60159   92.49015 
   1.49751   92.33841 
   1.39397   92.18614 
   1.29095   92.03335 
   1.18846   91.88004 
   1.08650   91.72622 
   0.98507   91.57187 
   0.88417   91.41700 
   0.78380   91.26162 
   0.68396   91.10572 
   0.58465   90.94931 
   0.48588   90.79237 
   0.38763   90.63493 
   0.28992   90.47697 
   0.19275   90.31849 
   0.09611   90.15950 
   0.00000   90.00000 
  -0.06687   89.88819 
  -0.13348   89.77613 
  -0.19982   89.66382 
  -0.26591   89.55125 
  -0.33173   89.43844 
  -0.39729   89.32538 
  -0.46259   89.21207 
  -0.52763   89.09850 
  -0.59240   88.98469 
  -0.65692   88.87062 
  -0.72117   88.75631 
  -0.78516   88.64174 
  -0.84889   88.52693 
  -0.91236   88.41186 
  -0.97556   88.29655 
  -1.03851   88.18098 
  -1.10119   88.06516 
  -1.16361   87.94909 
  -1.22577   87.83278 
  -1.28767   87.71621 
  -1.34930   87.59939 
  -1.41067   87.48232 
  -1.47179   87.36500 
  -1.53264   87.24743 
  -1.59322   87.12961 
  -1.65355   87.01154 
  -1.71362   86.89322 
  -1.77342   86.77465 
  -1.83296   86.65583 
  -1.89224   86.53676 
  -1.95126   86.41743 
  -2.01001   86.29786 
  -2.06851   86.17804 
  -2.12674   86.05797 
  -2.18471   85.93764 
  -2.24242   85.81707 
  -2.29987   85.69624 
  -2.35706   85.57517 
  -2.41398   85.45384 
  -2.47064   85.33227 
  -2.52704   85.21044 
  -2.58318   85.08837 
  -2.63906   84.96604 
  -2.69468   84.84346 
  -2.75003   84.72063 
  -2.80512   84.59756 
  -2.85995   84.47423 
  -2.91452   84.35065 
  -2.96883   84.22682 
  -3.02287   84.10274 
  -3.07666   83.97841 
  -3.13018   83.85383 
  -3.18344   83.72900 
  -3.23644   83.60392 
  -3.28917   83.47859 
  -3.34165   83.35301 
  -3.39386   83.22717 
  -3.44581   83.10109 
  -3.49750   82.97476 
  -3.54893   82.84818 
  -3.60010   82.72134 
  -3.65100   82.59426 
  -3.70164   82.46692 
  -3.75202   82.33934 
  -3.80214   82.21151 
  -3.85200   82.08342 
  -3.90160   81.95508 
  -3.95093   81.82650 
  -4.00000   81.69766 
  -4.04882   81.56857 
  -4.09736   81.43924 
  -4.14565   81.30965 
  -4.19368   81.17981 
  -4.24144   81.04972 
  -4.28894   80.91938 
  -4.33618   80.78880 
  -4.38316   80.65796 
  -4.42988   80.52687 
  -4.47633   80.39553 
  -4.52253   80.26394 
  -4.56846   80.13209 
  -4.61413   80.00000 
  -4.65954   79.86766 
  -4.70469   79.73507 
  -4.74957   79.60223 
  -4.79419   79.46913 
  -4.83855   79.33579 
  -4.88265   79.20220 
  -4.92649   79.06835 
  -4.97007   78.93426 
  -5.01338   78.79991 
  -5.05644   78.66532 
  -5.09923   78.53047 
  -5.14176   78.39538 
  -5.18402   78.26003 
  -5.22603   78.12443 
  -5.26777   77.98859 
  -5.30926   77.85249 
  -5.35048   77.71614 
  -5.39144   77.57954 
  -5.43213   77.44270 
  -5.47257   77.30560 
  -5.51274   77.16825 
  -5.55266   77.03065 
  -5.59231   76.89280 
  -5.63170   76.75470 
  -5.67082   76.61635 
  -5.70969   76.47775 
  -5.74829   76.33889 
  -5.78663   76.19979 
  -5.82471   76.06044 
  -5.86253   75.92084 
  -5.90009   75.78098 
  -5.93738   75.64088 
  -5.97442   75.50053 
  -6.01119   75.35992 
  -6.04770   75.21907 
  -6.08395   75.07796 
  -6.11993   74.93661 
  -6.15566   74.79500 
  -6.19112   74.65315 
  -6.22632   74.51104 
  -6.26126   74.36868 
  -6.29594   74.22608 
  -6.33035   74.08322 
  -6.36451   73.94011 
  -6.39840   73.79675 
  -6.43203   73.65314 
  -6.46540   73.50929 
  -6.49851   73.36518 
  -6.53135   73.22082 
  -6.56394   73.07621 
  -6.59626   72.93135 
  -6.62832   72.78624 
  -6.66012   72.64087 
  -6.69166   72.49526 
  -6.72293   72.34940 
  -6.75395   72.20329 
  -6.78470   72.05693 
  -6.81519   71.91031 
  -6.84542   71.76345 
  -6.87538   71.61634 
  -6.90509   71.46897 
  -6.93453   71.32136 
  -6.96371   71.17349 
  -6.99263   71.02538 
  -7.02129   70.87701 
  -7.04969   70.72839 
  -7.07782   70.57953 
  -7.10569   70.43041 
  -7.13331   70.28104 
  -7.16066   70.13143 
  -7.18774   69.98156 
  -7.21457   69.83144 
  -7.24113   69.68107 
  -7.26744   69.53045 
  -7.29348   69.37958 
  -7.31926   69.22846 
  -7.34477   69.07709 
  -7.37003   68.92547 
  -7.39502   68.77360 
  -7.41976   68.62148 
  -7.44423   68.46911 
  -7.46844   68.31649 
  -7.49238   68.16361 
  -7.51607   68.01049 
  -7.53949   67.85712 
  -7.56265   67.70349 
  -7.58555   67.54962 
  -7.60819   67.39550 
  -7.63057   67.24112 
  -7.65268   67.08650 
  -7.67454   66.93162 
  -7.69613   66.77649 
  -7.71746   66.62112 
  -7.73853   66.46549 
  -7.75933   66.30961 
  -7.77988   66.15349 
  -7.80016   65.99711 
  -7.82018   65.84048 
  -7.83994   65.68360 
  -7.85944   65.52647 
  -7.87868   65.36910 
  -7.89765   65.21147 
  -7.91636   65.05359 
  -7.93481   64.89546 
  -7.95300   64.73707 
  -7.97093   64.57844 
  -7.98860   64.41956 
  -8.00600   64.26043 
  -8.02314   64.10105 
  -8.04002   63.94142 
  -8.05664   63.78153 
  -8.07300   63.62140 
  -8.08910   63.46102 
  -8.10493   63.30038 
  -8.12050   63.13950 
  -8.13581   62.97836 
  -8.15086   62.81698 
  -8.16565   62.65534 
  -8.18017   62.49346 
  -8.19444   62.33132 
  -8.20844   62.16893 
  -8.22218   62.00630 
  -8.23566   61.84341 
  -8.24887   61.68027 
  -8.26183   61.51688 
  -8.27452   61.35324 
  -8.28695   61.18935 
  -8.29912   61.02522 
  -8.31103   60.86083 
  -8.32267   60.69619 
  -8.33406   60.53130 
  -8.34518   60.36615 
  -8.35604   60.20076 
  -8.36664   60.03512 
  -8.37698   59.86923 
  -8.38706   59.70309 
  -8.39687   59.53670 
  -8.40642   59.37005 
  -8.41571   59.20316 
  -8.42474   59.03602 
  -8.43351   58.86862 
  -8.44201   58.70098 
  -8.45026   58.53308 
  -8.45824   58.36494 
  -8.46596   58.19654 
  -8.47342   58.02789 
  -8.48062   57.85900 
  -8.48755   57.68985 
  -8.49423   57.52045 
  -8.50064   57.35081 
  -8.50679   57.18091 
  -8.51268   57.01076 
  -8.51830   56.84036 
  -8.52367   56.66971 
  -8.52877   56.49881 
  -8.53361   56.32766 
  -8.53819   56.15626 
  -8.54251   55.98461 
  -8.54657   55.81271 
  -8.55036   55.64056 
  -8.55389   55.46816 
  -8.55716   55.29551 
  -8.56017   55.12261 
  -8.56292   54.94945 
  -8.56541   54.77605 
  -8.56763   54.60240 
  -8.56959   54.42849 
  -8.57129   54.25434 
  -8.57273   54.07993 
  -8.57391   53.90528 
  -8.57483   53.73037 
  -8.57548   53.55522 
  -8.57587   53.37981 
  -8.57600   53.20416 
  -8.57587   53.02825 
  -8.57548   52.85209 
  -8.57482   52.67568 
  -8.57391   52.49903 
  -8.57273   52.32212 
  -8.57129   52.14496 
  -8.56959   51.96755 
  -8.56762   51.78989 
  -8.56540   51.61198 
  -8.56291   51.43382 
  -8.56016   51.25541 
  -8.55715   51.07675 
  -8.55388   50.89784 
  -8.55035   50.71868 
  -8.54655   50.53926 
  -8.54250   50.35960 
  -8.53818   50.17969 
  -8.53360   49.99953 
  -8.52875   49.81911 
  -8.52365   49.63845 
  -8.51829   49.45753 
  -8.51266   49.27637 
  -8.50677   49.09495 
  -8.50062   48.91329 
  -8.49421   48.73137 
  -8.48753   48.54921 
  -8.48059   48.36679 
  -8.47340   48.18412 
  -8.46594   48.00121 
  -8.45822   47.81804 
  -8.45023   47.63462 
  -8.44199   47.45095 
  -8.43348   47.26703 
  -8.42471   47.08286 
  -8.41569   46.89844 
  -8.40639   46.71377 
  -8.39684   46.52885 
  -8.38703   46.34368 
  -8.37695   46.15826 
  -8.36661   45.97259 
  -8.35601   45.78667 
  -8.34515   45.60050 
  -8.33403   45.41408 
  -8.32264   45.22740 
  -8.31099   45.04048 
  -8.29908   44.85331 
  -8.28691   44.66588 
  -8.27448   44.47821 
  -8.26179   44.29028 
  -8.24883   44.10211 
  -8.23562   43.91368 
  -8.22214   43.72501 
  -8.20840   43.53608 
  -8.19439   43.34690 
  -8.18013   43.15748 
  -8.16560   42.96780 
  -8.15082   42.77787 
  -8.13577   42.58769 
  -8.12045   42.39727 
  -8.10488   42.20659 
  -8.08905   42.01566 
  -8.07295   41.82448 
  -8.05659   41.63305 
  -8.03997   41.44137 
  -8.02309   41.24944 
  -8.00595   41.05726 
  -7.98854   40.86482 
  -7.97088   40.67214 
  -7.95295   40.47921 
  -7.93476   40.28603 
  -7.91631   40.09260 
  -7.89760   39.89891 
  -7.87862   39.70498 
  -7.85938   39.51079 
  -7.83988   39.31636 
  -7.82012   39.12168 
  -7.80010   38.92674 
  -7.77982   38.73156 
  -7.75927   38.53612 
  -7.73847   38.34043 
  -7.71740   38.14450 
  -7.69607   37.94831 
  -7.67447   37.75187 
  -7.65262   37.55518 
  -7.63050   37.35825 
  -7.60813   37.16106 
  -7.58549   36.96362 
  -7.56259   36.76593 
  -7.53942   36.56799 
  -7.51600   36.36980 
  -7.49231   36.17136 
  -7.46837   35.97267 
  -7.44416   35.77373 
  -7.41969   35.57454 
  -7.39495   35.37510 
  -7.36996   35.17540 
  -7.34470   34.97546 
  -7.31918   34.77527 
  -7.29340   34.57482 
  -7.26736   34.37413 
  -7.24106   34.17319 
  -7.21449   33.97199 
  -7.18767   33.77055 
  -7.16058   33.56885 
  -7.13323   33.36691 
  -7.10562   33.16471 
  -7.07774   32.96227 
  -7.04961   32.75957 
  -7.02121   32.55662 
  -6.99255   32.35342 
  -6.96363   32.14998 
  -6.93445   31.94628 
  -6.90501   31.74233 
  -6.87530   31.53813 
  -6.84533   31.33368 
  -6.81511   31.12898 
  -6.78461   30.92403 
  -6.75386   30.71883 
  -6.72285   30.51338 
  -6.69157   30.30768 
  -6.66003   30.10173 
  -6.62824   29.89553 
  -6.59617   29.68908 
  -6.56385   29.48237 
  -6.53127   29.27542 
  -6.49842   29.06822 
  -6.46531   28.86076 
  -6.43194   28.65306 
  -6.39831   28.44511 
  -6.36442   28.23690 
  -6.33026   28.02845 
  -6.29585   27.81974 
  -6.26117   27.61079 
  -6.22623   27.40158 
  -6.19103   27.19212 
  -6.15557   26.98242 
  -6.11984   26.77246 
  -6.08385   26.56225 
  -6.04761   26.35179 
  -6.01110   26.14108 
  -5.97432   25.93013 
  -5.93729   25.71892 
  -5.89999   25.50746 
  -5.86244   25.29575 
  -5.82462   25.08379 
  -5.78654   24.87158 
  -5.74820   24.65912 
  -5.70959   24.44640 
  -5.67073   24.23344 
  -5.63160   24.02023 
  -5.59221   23.80677 
  -5.55256   23.59306 
  -5.51265   23.37909 
  -5.47247   23.16488 
  -5.43204   22.95042 
  -5.39134   22.73570 
  -5.35038   22.52074 
  -5.30916   22.30552 
  -5.26768   22.09006 
  -5.22593   21.87434 
  -5.18393   21.65837 
  -5.14166   21.44216 
  -5.09913   21.22569 
  -5.05634   21.00897 
  -5.01328   20.79201 
  -4.96997   20.57479 
  -4.92639   20.35732 
  -4.88256   20.13960 
  -4.83846   19.92163 
  -4.79409   19.70341 
  -4.74947   19.48494 
  -4.70459   19.26622 
  -4.65944   19.04725 
  -4.61403   18.82803 
  -4.56836   18.60856 
  -4.52243   18.38884 
  -4.47624   18.16887 
  -4.42978   17.94865 
  -4.38306   17.72817 
  -4.33609   17.50745 
  -4.28884   17.28648 
  -4.24134   17.06525 
  -4.19358   16.84378 
  -4.14555   16.62206 
  -4.09727   16.40008 
  -4.04872   16.17786 
  -3.99991   15.95538 
  -3.95083   15.73265 
  -3.90150   15.50968 
  -3.85190   15.28645 
  -3.80205   15.06298 
  -3.75193   14.83925 
  -3.70155   14.61527 
  -3.65091   14.39104 
  -3.60000   14.16656 
  -3.54883   13.94184 
  -3.49741   13.71686 
  -3.44572   13.49163 
  -3.39377   13.26615 
  -3.34155   13.04042 
  -3.28908   12.81444 
  -3.23634   12.58821 
  -3.18335   12.36172 
  -3.13009   12.13499 
  -3.07656   11.90801 
  -3.02278   11.68078 
  -2.96874   11.45330 
  -2.91443   11.22556 
  -2.85986   10.99758 
  -2.80503   10.76935 
  -2.74994   10.54086 
  -2.69459   10.31213 
  -2.63897   10.08314 
  -2.58310    9.85391 
  -2.52696    9.62442 
  -2.47056    9.39469 
  -2.41390    9.16470 
  -2.35697    8.93447 
  -2.29979    8.70398 
  -2.24234    8.47324 
  -2.18463    8.24225 
  -2.12666    8.01102 
  -2.06843    7.77953 
  -2.00994    7.54779 
  -1.95118    7.31580 
  -1.89217    7.08356 
  -1.83289    6.85107 
  -1.77335    6.61833 
  -1.71355    6.38534 
  -1.65348    6.15210 
  -1.59316    5.91861 
  -1.53257    5.68487 
  -1.47172    5.45088 
  -1.41061    5.21664 
  -1.34924    4.98214 
  -1.28761    4.74740 
  -1.22571    4.51241 
  -1.16355    4.27717 
  -1.10114    4.04167 
  -1.03846    3.80593 
  -0.97551    3.56994 
  -0.91231    3.33369 
  -0.84885    3.09720 
  -0.78512    2.86045 
  -0.72113    2.62346 
  -0.65688    2.38621 
  -0.59237    2.14872 
  -0.52760    1.91097 
  -0.46256    1.67297 
  -0.39726    1.43473 
  -0.33171    1.19623 
  -0.26589    0.95748 
  -0.19981    0.71849 
  -0.13347    0.47924 
  -0.06686    0.23974 
   0.00000    0.00000 
