   0.00000    0.00000 
   0.00000    0.00000 
   0.00000    0.00000 
   0.05878   -0.02680 
   0.17647   -0.08014 
   0.35318   -0.15973 
   0.58906   -0.26528 
   0.88424   -0.39647 
   1.23886   -0.55295 
   1.65308   -0.73436 
   2.12707   -0.94032 
   2.66098   -1.17040 
   3.25501   -1.42416 
   3.90934   -1.70109 
   4.62417   -2.00069 
   5.39971   -2.32238 
   6.23618   -2.66552 
   7.13383   -3.02944 
   8.09290   -3.41340 
   9.11365   -3.81656 
  10.19637   -4.23801 
  11.34134   -4.67673 
  12.54886   -5.13160 
  13.81925   -5.60133 
  15.15284   -6.08448 
  16.54995   -6.57941 
  18.01091   -7.08423 
  19.53600   -7.59679 
  21.12549   -8.11456 
  22.77954   -8.63460 
  24.49819   -9.15343 
  26.28122   -9.66695 
  28.12805  -10.17030 
  30.03749  -10.65773 
  32.00744  -11.12251 
  34.03448  -11.55705 
  36.11342  -11.95312 
  38.23709  -12.30258 
  40.39642  -12.59816 
  42.58121  -12.83437 
  44.78113  -13.00777 
  46.98658  -13.11680 
  49.18919  -13.16129 
  51.38197  -13.14193 
  53.55913  -13.05988 
  55.71596  -12.91651 
  57.84859  -12.71324 
  59.95383  -12.45145 
  62.02904  -12.13246 
  64.07200  -11.75750 
  66.08082  -11.32769 
  68.05390  -10.84405 
  69.98986  -10.30755 
  71.88748   -9.71904 
  73.74573   -9.07932 
  75.56367   -8.38911 
  77.34048   -7.64907 
  79.07543   -6.85983 
  80.76786   -6.02195 
  82.41718   -5.13594 
  84.02286   -4.20231 
  85.58441   -3.22149 
  87.10138   -2.19391 
  88.57337   -1.11996 
  90.00000    0.00000 
  91.08977    0.91986 
  92.15080    1.86787 
  93.18281    2.84376 
  94.18552    3.84721 
  95.15863    4.87791 
  96.10184    5.93553 
  97.01484    7.01973 
  97.89733    8.13016 
  98.74898    9.26642 
  99.56948   10.42815 
 100.35849   11.61492 
 101.11568   12.82631 
 101.84070   14.06187 
 102.53322   15.32114 
 103.19288   16.60363 
 103.81933   17.90883 
 104.41221   19.23620 
 104.97115   20.58519 
 105.49579   21.95521 
 105.98576   23.34564 
 106.44070   24.75585 
 106.86023   26.18517 
 107.24398   27.63290 
 107.59159   29.09830 
 107.90270   30.58061 
 108.17693   32.07902 
 108.41394   33.59272 
 108.61338   35.12081 
 108.77493   36.66240 
 108.89824   38.21654 
 108.98302   39.78225 
 109.02898   41.35851 
 109.03583   42.94426 
 109.00334   44.53841 
 108.93128   46.13982 
 108.81945   47.74732 
 108.66768   49.35973 
 108.47585   50.97580 
 108.24385   52.59426 
 107.97164   54.21384 
 107.65919   55.83322 
 107.30654   57.45107 
 106.91375   59.06604 
 106.48096   60.67676 
 106.00833   62.28188 
 105.49607   63.88003 
 104.94445   65.46983 
 104.35379   67.04994 
 103.72444   68.61900 
 103.05680   70.17569 
 102.35132   71.71870 
 101.60850   73.24676 
 100.82885   74.75861 
 100.01293   76.25304 
  99.16134   77.72887 
  98.27469   79.18496 
  97.35362   80.62020 
  96.39881   82.03355 
  95.41092   83.42398 
  94.39066   84.79052 
  93.33872   86.13226 
  92.25582   87.44830 
  91.14268   88.73781 
  90.00000   90.00000 
  88.72660   91.34146 
  87.42012   92.64878 
  86.08159   93.92099 
  84.71210   95.15714 
  83.31278   96.35626 
  81.88486   97.51741 
  80.42962   98.63966 
  78.94838   99.72211 
  77.44254  100.76388 
  75.91357  101.76413 
  74.36297  102.72203 
  72.79231  103.63685 
  71.20319  104.50785 
  69.59728  105.33438 
  67.97625  106.11583 
  66.34182  106.85168 
  64.69574  107.54144 
  63.03974  108.18471 
  61.37559  108.78115 
  59.70504  109.33048 
  58.02984  109.83249 
  56.35172  110.28706 
  54.67239  110.69411 
  52.99354  111.05362 
  51.31680  111.36565 
  49.64378  111.63027 
  47.97606  111.84766 
  46.31515  112.01800 
  44.66252  112.14153 
  43.01959  112.21852 
  41.38773  112.24927 
  39.76826  112.23414 
  38.16244  112.17346 
  36.57148  112.06764 
  34.99655  111.91705 
  33.43876  111.72213 
  31.89916  111.48328 
  30.37876  111.20095 
  28.87853  110.87557 
  27.39940  110.50759 
  25.94223  110.09746 
  24.50787  109.64561 
  23.09711  109.15249 
  21.71070  108.61855 
  20.34938  108.04423 
  19.01382  107.42996 
  17.70469  106.77617 
  16.42261  106.08329 
  15.16818  105.35174 
  13.94195  104.58192 
  12.74448  103.77425 
  11.57628  102.92911 
  10.43783  102.04691 
   9.32962  101.12802 
   8.25210  100.17282 
   7.20568   99.18168 
   6.19078   98.15495 
   5.20779   97.09299 
   4.25710   95.99613 
   3.33905   94.86472 
   2.45399   93.69909 
   1.60225   92.49955 
   0.78416   91.26642 
   0.00000   90.00000 
  -0.52155   89.09631 
  -1.02654   88.17666 
  -1.51497   87.24107 
  -1.98685   86.28951 
  -2.44217   85.32200 
  -2.88093   84.33854 
  -3.30314   83.33913 
  -3.70879   82.32376 
  -4.09788   81.29243 
  -4.47041   80.24515 
  -4.82639   79.18192 
  -5.16581   78.10273 
  -5.48867   77.00759 
  -5.79498   75.89649 
  -6.08473   74.76944 
  -6.35792   73.62644 
  -6.61455   72.46748 
  -6.85463   71.29257 
  -7.07815   70.10170 
  -7.28511   68.89488 
  -7.47552   67.67210 
  -7.64937   66.43337 
  -7.80666   65.17869 
  -7.94740   63.90805 
  -8.07158   62.62145 
  -8.17920   61.31891 
  -8.27026   60.00040 
  -8.34477   58.66595 
  -8.40272   57.31554 
  -8.44411   55.94917 
  -8.46894   54.56686 
  -8.47722   53.16858 
  -8.46894   51.75436 
  -8.44411   50.32417 
  -8.40272   48.87804 
  -8.34477   47.41595 
  -8.27026   45.93790 
  -8.17920   44.44391 
  -8.07157   42.93395 
  -7.94740   41.40805 
  -7.80666   39.86618 
  -7.64937   38.30837 
  -7.47552   36.73460 
  -7.28511   35.14487 
  -7.07815   33.53920 
  -6.85463   31.91756 
  -6.61455   30.27998 
  -6.35792   28.62644 
  -6.08472   26.95694 
  -5.79498   25.27149 
  -5.48867   23.57009 
  -5.16581   21.85273 
  -4.82639   20.11942 
  -4.47041   18.37015 
  -4.09787   16.60493 
  -3.70878   14.82375 
  -3.30314   13.02662 
  -2.88093   11.21354 
  -2.44217    9.38450 
  -1.98685    7.53951 
  -1.51497    5.67856 
  -1.02654    3.80166 
  -0.52155    1.90881 
   0.00000    0.00000 
