   0.00000    0.00000 
   0.00000    0.00000 
   2.35039   -0.94069 
   9.45609   -3.61297 
  21.45611   -7.53675 
  38.39822  -11.29386 
  57.70142  -11.89372 
  75.46047   -7.89010 
  90.00000    0.00000 
  98.30558    7.96791 
 104.50727   17.61654 
 108.44239   28.71539 
 109.93597   40.93680 
 108.83118   53.82016 
 105.05298   66.75663 
  98.68628   79.04130 
  90.00000   90.00000 
  78.79925   99.50625 
  66.10355  106.46569 
  52.73128  110.55463 
  39.53569  111.69231 
  27.22848  109.99867 
  16.32268  105.68057 
   7.16735   98.95143 
   0.00000   90.00000 
  -3.80060   82.37667 
  -6.51532   73.71715 
  -8.14415   64.02143 
  -8.68709   53.28953 
  -8.14415   41.52143 
  -6.51532   28.71715 
  -3.80060   14.87667 
   0.00000    0.00000 
