   0.00000    0.00000 
   0.00000    0.00000 
   0.00048   -0.00021 
   0.00193   -0.00085 
   0.00434   -0.00191 
   0.00771   -0.00339 
   0.01204   -0.00530 
   0.01735   -0.00763 
   0.02361   -0.01038 
   0.03084   -0.01355 
   0.03904   -0.01714 
   0.04820   -0.02115 
   0.05832   -0.02558 
   0.06942   -0.03042 
   0.08148   -0.03569 
   0.09450   -0.04137 
   0.10849   -0.04747 
   0.12345   -0.05398 
   0.13938   -0.06091 
   0.15627   -0.06826 
   0.17413   -0.07602 
   0.19296   -0.08419 
   0.21276   -0.09277 
   0.23353   -0.10176 
   0.25526   -0.11117 
   0.27797   -0.12099 
   0.30164   -0.13121 
   0.32629   -0.14185 
   0.35190   -0.15289 
   0.37849   -0.16434 
   0.40604   -0.17620 
   0.43457   -0.18846 
   0.46407   -0.20113 
   0.49454   -0.21420 
   0.52598   -0.22768 
   0.55840   -0.24156 
   0.59179   -0.25584 
   0.62615   -0.27053 
   0.66149   -0.28561 
   0.69780   -0.30110 
   0.73508   -0.31698 
   0.77334   -0.33326 
   0.81257   -0.34994 
   0.85278   -0.36702 
   0.89396   -0.38449 
   0.93612   -0.40236 
   0.97925   -0.42062 
   1.02336   -0.43928 
   1.06845   -0.45832 
   1.11451   -0.47776 
   1.16155   -0.49759 
   1.20957   -0.51781 
   1.25857   -0.53842 
   1.30854   -0.55942 
   1.35949   -0.58081 
   1.41142   -0.60258 
   1.46433   -0.62474 
   1.51822   -0.64728 
   1.57309   -0.67021 
   1.62895   -0.69352 
   1.68578   -0.71721 
   1.74359   -0.74128 
   1.80238   -0.76574 
   1.86216   -0.79057 
   1.92291   -0.81578 
   1.98465   -0.84137 
   2.04737   -0.86734 
   2.11108   -0.89368 
   2.17576   -0.92039 
   2.24144   -0.94748 
   2.30809   -0.97494 
   2.37573   -1.00278 
   2.44436   -1.03098 
   2.51397   -1.05956 
   2.58456   -1.08850 
   2.65614   -1.11781 
   2.72871   -1.14748 
   2.80227   -1.17753 
   2.87681   -1.20793 
   2.95234   -1.23870 
   3.02886   -1.26983 
   3.10636   -1.30132 
   3.18486   -1.33317 
   3.26434   -1.36539 
   3.34481   -1.39795 
   3.42628   -1.43088 
   3.50873   -1.46416 
   3.59217   -1.49779 
   3.67661   -1.53178 
   3.76204   -1.56612 
   3.84845   -1.60081 
   3.93587   -1.63584 
   4.02427   -1.67123 
   4.11367   -1.70696 
   4.20406   -1.74304 
   4.29544   -1.77947 
   4.38782   -1.81623 
   4.48120   -1.85334 
   4.57557   -1.89079 
   4.67093   -1.92858 
   4.76730   -1.96671 
   4.86465   -2.00517 
   4.96301   -2.04397 
   5.06236   -2.08310 
   5.16271   -2.12257 
   5.26406   -2.16237 
   5.36641   -2.20249 
   5.46976   -2.24295 
   5.57411   -2.28373 
   5.67945   -2.32485 
   5.78580   -2.36628 
   5.89315   -2.40804 
   6.00150   -2.45012 
   6.11085   -2.49252 
   6.22120   -2.53524 
   6.33256   -2.57828 
   6.44492   -2.62164 
   6.55828   -2.66531 
   6.67265   -2.70929 
   6.78802   -2.75358 
   6.90440   -2.79819 
   7.02178   -2.84310 
   7.14017   -2.88832 
   7.25957   -2.93384 
   7.37997   -2.97967 
   7.50138   -3.02580 
   7.62380   -3.07223 
   7.74722   -3.11895 
   7.87166   -3.16598 
   7.99711   -3.21329 
   8.12356   -3.26090 
   8.25103   -3.30880 
   8.37951   -3.35699 
   8.50900   -3.40546 
   8.63951   -3.45422 
   8.77103   -3.50327 
   8.90356   -3.55259 
   9.03711   -3.60219 
   9.17167   -3.65207 
   9.30725   -3.70222 
   9.44384   -3.75264 
   9.58145   -3.80333 
   9.72007   -3.85430 
   9.85972   -3.90552 
  10.00038   -3.95701 
  10.14206   -4.00876 
  10.28475   -4.06077 
  10.42847   -4.11304 
  10.57321   -4.16556 
  10.71897   -4.21833 
  10.86575   -4.27135 
  11.01355   -4.32461 
  11.16238   -4.37813 
  11.31222   -4.43188 
  11.46310   -4.48587 
  11.61499   -4.54011 
  11.76792   -4.59457 
  11.92186   -4.64927 
  12.07684   -4.70420 
  12.23284   -4.75936 
  12.38987   -4.81474 
  12.54792   -4.87034 
  12.70701   -4.92616 
  12.86712   -4.98220 
  13.02826   -5.03845 
  13.19043   -5.09492 
  13.35363   -5.15159 
  13.51786   -5.20847 
  13.68313   -5.26555 
  13.84942   -5.32283 
  14.01675   -5.38031 
  14.18511   -5.43798 
  14.35450   -5.49584 
  14.52493   -5.55389 
  14.69639   -5.61213 
  14.86889   -5.67054 
  15.04242   -5.72914 
  15.21699   -5.78791 
  15.39260   -5.84685 
  15.56924   -5.90597 
  15.74692   -5.96524 
  15.92564   -6.02468 
  16.10540   -6.08428 
  16.28619   -6.14403 
  16.46803   -6.20393 
  16.65091   -6.26398 
  16.83482   -6.32417 
  17.01978   -6.38451 
  17.20578   -6.44497 
  17.39283   -6.50557 
  17.58092   -6.56629 
  17.77005   -6.62714 
  17.96022   -6.68811 
  18.15144   -6.74919 
  18.34370   -6.81038 
  18.53701   -6.87167 
  18.73137   -6.93307 
  18.92677   -6.99456 
  19.12323   -7.05614 
  19.32073   -7.11780 
  19.51927   -7.17955 
  19.71887   -7.24137 
  19.91951   -7.30326 
  20.12120   -7.36521 
  20.32395   -7.42722 
  20.52775   -7.48928 
  20.73259   -7.55139 
  20.93848   -7.61354 
  21.14542   -7.67572 
  21.35341   -7.73793 
  21.56246   -7.80016 
  21.77256   -7.86240 
  21.98371   -7.92466 
  22.19591   -7.98691 
  22.40916   -8.04915 
  22.62345   -8.11138 
  22.83880   -8.17359 
  23.05519   -8.23576 
  23.27263   -8.29791 
  23.49111   -8.36000 
  23.71063   -8.42205 
  23.93118   -8.48403 
  24.15276   -8.54594 
  24.37535   -8.60778 
  24.59896   -8.66954 
  24.82356   -8.73121 
  25.04916   -8.79277 
  25.27574   -8.85423 
  25.50331   -8.91558 
  25.73184   -8.97680 
  25.96133   -9.03788 
  26.19177   -9.09883 
  26.42315   -9.15963 
  26.65547   -9.22027 
  26.88870   -9.28075 
  27.12286   -9.34106 
  27.35792   -9.40118 
  27.59387   -9.46111 
  27.83071   -9.52083 
  28.06843   -9.58035 
  28.30702   -9.63965 
  28.54646   -9.69873 
  28.78675   -9.75756 
  29.02788   -9.81615 
  29.26983   -9.87449 
  29.51261   -9.93256 
  29.75619   -9.99035 
  30.00056  -10.04787 
  30.24573  -10.10508 
  30.49166  -10.16200 
  30.73837  -10.21860 
  30.98582  -10.27487 
  31.23402  -10.33082 
  31.48295  -10.38642 
  31.73261  -10.44166 
  31.98297  -10.49655 
  32.23403  -10.55106 
  32.48577  -10.60518 
  32.73819  -10.65891 
  32.99128  -10.71224 
  33.24501  -10.76515 
  33.49938  -10.81764 
  33.75438  -10.86969 
  34.00999  -10.92130 
  34.26620  -10.97245 
  34.52301  -11.02313 
  34.78038  -11.07334 
  35.03832  -11.12306 
  35.29682  -11.17229 
  35.55584  -11.22101 
  35.81540  -11.26921 
  36.07546  -11.31688 
  36.33602  -11.36402 
  36.59707  -11.41060 
  36.85859  -11.45663 
  37.12056  -11.50210 
  37.38298  -11.54698 
  37.64583  -11.59128 
  37.90909  -11.63498 
  38.17276  -11.67808 
  38.43681  -11.72056 
  38.70124  -11.76242 
  38.96604  -11.80364 
  39.23118  -11.84422 
  39.49665  -11.88414 
  39.76244  -11.92341 
  40.02854  -11.96200 
  40.29493  -11.99992 
  40.56160  -12.03715 
  40.82853  -12.07368 
  41.09571  -12.10951 
  41.36313  -12.14462 
  41.63077  -12.17902 
  41.89862  -12.21268 
  42.16667  -12.24561 
  42.43490  -12.27780 
  42.70330  -12.30923 
  42.97186  -12.33991 
  43.24055  -12.36982 
  43.50938  -12.39895 
  43.77832  -12.42731 
  44.04737  -12.45487 
  44.31650  -12.48164 
  44.58572  -12.50761 
  44.85499  -12.53278 
  45.12432  -12.55713 
  45.39369  -12.58065 
  45.66309  -12.60335 
  45.93250  -12.62522 
  46.20191  -12.64624 
  46.47132  -12.66642 
  46.74070  -12.68575 
  47.01005  -12.70422 
  47.27936  -12.72183 
  47.54861  -12.73857 
  47.81779  -12.75443 
  48.08689  -12.76941 
  48.35591  -12.78351 
  48.62482  -12.79672 
  48.89362  -12.80902 
  49.16230  -12.82043 
  49.43084  -12.83093 
  49.69924  -12.84051 
  49.96748  -12.84918 
  50.23556  -12.85693 
  50.50346  -12.86374 
  50.77118  -12.86963 
  51.03870  -12.87457 
  51.30602  -12.87857 
  51.57312  -12.88162 
  51.83999  -12.88372 
  52.10663  -12.88487 
  52.37302  -12.88505 
  52.63916  -12.88426 
  52.90504  -12.88250 
  53.17064  -12.87977 
  53.43597  -12.87606 
  53.70100  -12.87136 
  53.96573  -12.86568 
  54.23015  -12.85901 
  54.49426  -12.85135 
  54.75804  -12.84270 
  55.02150  -12.83306 
  55.28461  -12.82243 
  55.54738  -12.81081 
  55.80980  -12.79820 
  56.07186  -12.78461 
  56.33356  -12.77003 
  56.59488  -12.75448 
  56.85583  -12.73794 
  57.11640  -12.72043 
  57.37657  -12.70195 
  57.63636  -12.68249 
  57.89575  -12.66206 
  58.15473  -12.64067 
  58.41330  -12.61830 
  58.67146  -12.59498 
  58.92920  -12.57069 
  59.18651  -12.54544 
  59.44340  -12.51924 
  59.69985  -12.49208 
  59.95586  -12.46397 
  60.21143  -12.43490 
  60.46655  -12.40488 
  60.72122  -12.37392 
  60.97543  -12.34201 
  61.22919  -12.30916 
  61.48248  -12.27537 
  61.73530  -12.24064 
  61.98765  -12.20497 
  62.23952  -12.16836 
  62.49091  -12.13082 
  62.74182  -12.09235 
  62.99224  -12.05294 
  63.24217  -12.01261 
  63.49161  -11.97136 
  63.74055  -11.92917 
  63.98899  -11.88607 
  64.23692  -11.84204 
  64.48435  -11.79710 
  64.73126  -11.75123 
  64.97766  -11.70445 
  65.22355  -11.65676 
  65.46891  -11.60815 
  65.71375  -11.55864 
  65.95806  -11.50821 
  66.20184  -11.45688 
  66.44509  -11.40464 
  66.68781  -11.35150 
  66.92999  -11.29745 
  67.17162  -11.24251 
  67.41272  -11.18666 
  67.65326  -11.12992 
  67.89326  -11.07229 
  68.13271  -11.01375 
  68.37160  -10.95433 
  68.60993  -10.89401 
  68.84771  -10.83281 
  69.08492  -10.77071 
  69.32157  -10.70773 
  69.55766  -10.64387 
  69.79317  -10.57912 
  70.02811  -10.51349 
  70.26248  -10.44698 
  70.49627  -10.37959 
  70.72949  -10.31132 
  70.96212  -10.24218 
  71.19417  -10.17216 
  71.42564  -10.10127 
  71.65652  -10.02951 
  71.88681   -9.95687 
  72.11651   -9.88337 
  72.34561   -9.80900 
  72.57412   -9.73376 
  72.80203   -9.65766 
  73.02934   -9.58070 
  73.25605   -9.50287 
  73.48216   -9.42418 
  73.70766   -9.34463 
  73.93256   -9.26423 
  74.15684   -9.18297 
  74.38052   -9.10085 
  74.60358   -9.01788 
  74.82603   -8.93405 
  75.04786   -8.84937 
  75.26908   -8.76385 
  75.48967   -8.67747 
  75.70964   -8.59024 
  75.92899   -8.50217 
  76.14772   -8.41325 
  76.36582   -8.32349 
  76.58329   -8.23288 
  76.80013   -8.14143 
  77.01635   -8.04914 
  77.23193   -7.95601 
  77.44687   -7.86204 
  77.66119   -7.76723 
  77.87486   -7.67158 
  78.08790   -7.57510 
  78.30030   -7.47778 
  78.51205   -7.37963 
  78.72317   -7.28065 
  78.93364   -7.18083 
  79.14346   -7.08019 
  79.35264   -6.97871 
  79.56118   -6.87641 
  79.76906   -6.77328 
  79.97629   -6.66932 
  80.18288   -6.56453 
  80.38881   -6.45892 
  80.59408   -6.35249 
  80.79870   -6.24524 
  81.00267   -6.13716 
  81.20597   -6.02826 
  81.40862   -5.91854 
  81.61061   -5.80800 
  81.81194   -5.69665 
  82.01260   -5.58447 
  82.21260   -5.47148 
  82.41194   -5.35768 
  82.61061   -5.24306 
  82.80862   -5.12763 
  83.00595   -5.01138 
  83.20262   -4.89433 
  83.39862   -4.77646 
  83.59394   -4.65778 
  83.78860   -4.53829 
  83.98258   -4.41800 
  84.17588   -4.29689 
  84.36851   -4.17499 
  84.56047   -4.05227 
  84.75175   -3.92875 
  84.94235   -3.80443 
  85.13227   -3.67930 
  85.32150   -3.55337 
  85.51006   -3.42664 
  85.69794   -3.29910 
  85.88513   -3.17077 
  86.07164   -3.04164 
  86.25746   -2.91171 
  86.44260   -2.78098 
  86.62705   -2.64945 
  86.81082   -2.51713 
  86.99389   -2.38401 
  87.17628   -2.25010 
  87.35797   -2.11539 
  87.53898   -1.97989 
  87.71929   -1.84360 
  87.89891   -1.70652 
  88.07784   -1.56864 
  88.25607   -1.42998 
  88.43360   -1.29052 
  88.61044   -1.15028 
  88.78658   -1.00924 
  88.96203   -0.86742 
  89.13678   -0.72482 
  89.31082   -0.58142 
  89.48417   -0.43724 
  89.65681   -0.29228 
  89.82876   -0.14653 
  90.00000    0.00000 
  90.13323    0.11497 
  90.26603    0.23041 
  90.39840    0.34633 
  90.53034    0.46273 
  90.66185    0.57960 
  90.79293    0.69695 
  90.92358    0.81477 
  91.05380    0.93306 
  91.18358    1.05183 
  91.31293    1.17108 
  91.44185    1.29079 
  91.57034    1.41098 
  91.69839    1.53164 
  91.82600    1.65277 
  91.95318    1.77437 
  92.07992    1.89644 
  92.20623    2.01898 
  92.33210    2.14199 
  92.45753    2.26547 
  92.58253    2.38942 
  92.70708    2.51383 
  92.83120    2.63871 
  92.95487    2.76406 
  93.07811    2.88988 
  93.20090    3.01616 
  93.32325    3.14290 
  93.44516    3.27011 
  93.56663    3.39778 
  93.68765    3.52592 
  93.80823    3.65452 
  93.92836    3.78358 
  94.04805    3.91310 
  94.16730    4.04308 
  94.28609    4.17352 
  94.40444    4.30443 
  94.52235    4.43579 
  94.63980    4.56761 
  94.75681    4.69989 
  94.87337    4.83263 
  94.98947    4.96582 
  95.10513    5.09947 
  95.22033    5.23357 
  95.33509    5.36813 
  95.44939    5.50315 
  95.56323    5.63862 
  95.67663    5.77454 
  95.78957    5.91091 
  95.90205    6.04774 
  96.01408    6.18501 
  96.12565    6.32274 
  96.23677    6.46092 
  96.34743    6.59955 
  96.45763    6.73862 
  96.56737    6.87814 
  96.67666    7.01811 
  96.78548    7.15853 
  96.89384    7.29939 
  97.00174    7.44070 
  97.10918    7.58246 
  97.21616    7.72465 
  97.32267    7.86729 
  97.42872    8.01037 
  97.53430    8.15390 
  97.63942    8.29786 
  97.74407    8.44227 
  97.84826    8.58711 
  97.95198    8.73240 
  98.05523    8.87812 
  98.15801    9.02428 
  98.26032    9.17087 
  98.36216    9.31790 
  98.46353    9.46537 
  98.56443    9.61327 
  98.66486    9.76161 
  98.76481    9.91037 
  98.86429   10.05957 
  98.96330   10.20920 
  99.06183   10.35926 
  99.15988   10.50975 
  99.25746   10.66067 
  99.35456   10.81202 
  99.45119   10.96379 
  99.54733   11.11599 
  99.64299   11.26861 
  99.73818   11.42166 
  99.83288   11.57514 
  99.92710   11.72903 
 100.02084   11.88335 
 100.11409   12.03809 
 100.20686   12.19325 
 100.29915   12.34882 
 100.39095   12.50482 
 100.48226   12.66124 
 100.57309   12.81807 
 100.66343   12.97531 
 100.75328   13.13297 
 100.84263   13.29105 
 100.93150   13.44954 
 101.01988   13.60843 
 101.10777   13.76774 
 101.19516   13.92746 
 101.28206   14.08759 
 101.36847   14.24813 
 101.45438   14.40907 
 101.53979   14.57042 
 101.62471   14.73218 
 101.70913   14.89434 
 101.79305   15.05690 
 101.87647   15.21986 
 101.95939   15.38323 
 102.04181   15.54699 
 102.12373   15.71115 
 102.20514   15.87571 
 102.28606   16.04067 
 102.36647   16.20602 
 102.44637   16.37177 
 102.52576   16.53791 
 102.60465   16.70444 
 102.68304   16.87136 
 102.76091   17.03867 
 102.83827   17.20638 
 102.91513   17.37446 
 102.99147   17.54294 
 103.06730   17.71180 
 103.14262   17.88105 
 103.21742   18.05067 
 103.29171   18.22068 
 103.36548   18.39107 
 103.43874   18.56184 
 103.51148   18.73299 
 103.58370   18.90452 
 103.65540   19.07642 
 103.72658   19.24869 
 103.79724   19.42134 
 103.86738   19.59436 
 103.93699   19.76775 
 104.00608   19.94151 
 104.07465   20.11564 
 104.14269   20.29013 
 104.21021   20.46499 
 104.27719   20.64021 
 104.34365   20.81580 
 104.40958   20.99175 
 104.47499   21.16806 
 104.53985   21.34472 
 104.60419   21.52175 
 104.66800   21.69913 
 104.73127   21.87686 
 104.79400   22.05495 
 104.85620   22.23339 
 104.91787   22.41217 
 104.97899   22.59131 
 105.03958   22.77080 
 105.09963   22.95063 
 105.15914   23.13080 
 105.21811   23.31132 
 105.27653   23.49218 
 105.33441   23.67338 
 105.39175   23.85492 
 105.44854   24.03680 
 105.50479   24.21901 
 105.56049   24.40155 
 105.61564   24.58443 
 105.67024   24.76764 
 105.72430   24.95118 
 105.77780   25.13504 
 105.83075   25.31923 
 105.88315   25.50374 
 105.93500   25.68858 
 105.98629   25.87374 
 106.03703   26.05922 
 106.08721   26.24501 
 106.13683   26.43113 
 106.18589   26.61755 
 106.23440   26.80429 
 106.28235   26.99134 
 106.32973   27.17870 
 106.37655   27.36637 
 106.42281   27.55434 
 106.46851   27.74262 
 106.51364   27.93120 
 106.55820   28.12008 
 106.60220   28.30926 
 106.64563   28.49874 
 106.68850   28.68851 
 106.73079   28.87857 
 106.77251   29.06893 
 106.81366   29.25958 
 106.85424   29.45051 
 106.89425   29.64173 
 106.93368   29.83323 
 106.97254   30.02502 
 107.01082   30.21709 
 107.04853   30.40943 
 107.08566   30.60206 
 107.12220   30.79495 
 107.15817   30.98812 
 107.19356   31.18156 
 107.22837   31.37527 
 107.26259   31.56925 
 107.29624   31.76349 
 107.32929   31.95799 
 107.36176   32.15276 
 107.39365   32.34778 
 107.42495   32.54306 
 107.45566   32.73859 
 107.48579   32.93438 
 107.51532   33.13042 
 107.54426   33.32670 
 107.57262   33.52323 
 107.60038   33.72001 
 107.62754   33.91703 
 107.65412   34.11428 
 107.68010   34.31178 
 107.70548   34.50951 
 107.73027   34.70747 
 107.75446   34.90567 
 107.77805   35.10409 
 107.80105   35.30274 
 107.82344   35.50162 
 107.84523   35.70072 
 107.86642   35.90003 
 107.88701   36.09957 
 107.90700   36.29932 
 107.92638   36.49928 
 107.94516   36.69946 
 107.96333   36.89984 
 107.98090   37.10043 
 107.99785   37.30122 
 108.01421   37.50222 
 108.02995   37.70341 
 108.04508   37.90480 
 108.05960   38.10638 
 108.07352   38.30816 
 108.08682   38.51013 
 108.09951   38.71228 
 108.11158   38.91462 
 108.12304   39.11714 
 108.13389   39.31984 
 108.14412   39.52271 
 108.15374   39.72576 
 108.16274   39.92899 
 108.17112   40.13238 
 108.17889   40.33594 
 108.18603   40.53966 
 108.19256   40.74355 
 108.19846   40.94760 
 108.20375   41.15180 
 108.20841   41.35616 
 108.21245   41.56067 
 108.21587   41.76533 
 108.21867   41.97013 
 108.22084   42.17508 
 108.22238   42.38017 
 108.22330   42.58540 
 108.22360   42.79077 
 108.22326   42.99626 
 108.22230   43.20189 
 108.22072   43.40765 
 108.21850   43.61353 
 108.21566   43.81954 
 108.21219   44.02566 
 108.20809   44.23190 
 108.20336   44.43825 
 108.19799   44.64472 
 108.19200   44.85130 
 108.18538   45.05798 
 108.17812   45.26476 
 108.17024   45.47164 
 108.16172   45.67862 
 108.15257   45.88570 
 108.14278   46.09287 
 108.13236   46.30012 
 108.12131   46.50746 
 108.10962   46.71489 
 108.09730   46.92240 
 108.08434   47.12998 
 108.07074   47.33764 
 108.05652   47.54536 
 108.04165   47.75316 
 108.02615   47.96103 
 108.01001   48.16895 
 107.99323   48.37694 
 107.97581   48.58498 
 107.95776   48.79308 
 107.93907   49.00123 
 107.91974   49.20943 
 107.89977   49.41767 
 107.87916   49.62595 
 107.85791   49.83428 
 107.83602   50.04264 
 107.81350   50.25103 
 107.79033   50.45945 
 107.76652   50.66790 
 107.74207   50.87638 
 107.71698   51.08488 
 107.69125   51.29339 
 107.66487   51.50192 
 107.63786   51.71046 
 107.61020   51.91901 
 107.58191   52.12757 
 107.55297   52.33613 
 107.52339   52.54469 
 107.49317   52.75325 
 107.46230   52.96180 
 107.43080   53.17034 
 107.39865   53.37887 
 107.36586   53.58739 
 107.33243   53.79589 
 107.29836   54.00436 
 107.26365   54.21281 
 107.22829   54.42123 
 107.19230   54.62963 
 107.15566   54.83798 
 107.11838   55.04631 
 107.08047   55.25459 
 107.04191   55.46283 
 107.00271   55.67102 
 106.96287   55.87916 
 106.92239   56.08725 
 106.88128   56.29529 
 106.83952   56.50326 
 106.79712   56.71118 
 106.75409   56.91903 
 106.71042   57.12682 
 106.66611   57.33453 
 106.62117   57.54217 
 106.57558   57.74973 
 106.52936   57.95721 
 106.48251   58.16461 
 106.43502   58.37192 
 106.38689   58.57915 
 106.33813   58.78628 
 106.28873   58.99332 
 106.23871   59.20026 
 106.18804   59.40709 
 106.13675   59.61383 
 106.08482   59.82045 
 106.03227   60.02697 
 105.97908   60.23337 
 105.92526   60.43966 
 105.87081   60.64582 
 105.81574   60.85187 
 105.76003   61.05779 
 105.70370   61.26358 
 105.64674   61.46924 
 105.58916   61.67476 
 105.53095   61.88015 
 105.47211   62.08540 
 105.41265   62.29050 
 105.35257   62.49546 
 105.29187   62.70027 
 105.23054   62.90493 
 105.16859   63.10943 
 105.10603   63.31378 
 105.04284   63.51796 
 104.97903   63.72199 
 104.91461   63.92584 
 104.84957   64.12953 
 104.78391   64.33304 
 104.71764   64.53638 
 104.65075   64.73954 
 104.58325   64.94253 
 104.51514   65.14532 
 104.44642   65.34794 
 104.37708   65.55036 
 104.30714   65.75259 
 104.23658   65.95463 
 104.16542   66.15647 
 104.09365   66.35811 
 104.02127   66.55954 
 103.94828   66.76077 
 103.87470   66.96180 
 103.80050   67.16261 
 103.72571   67.36321 
 103.65031   67.56359 
 103.57431   67.76375 
 103.49772   67.96369 
 103.42052   68.16341 
 103.34272   68.36290 
 103.26433   68.56216 
 103.18534   68.76119 
 103.10576   68.95998 
 103.02558   69.15854 
 102.94481   69.35685 
 102.86345   69.55492 
 102.78149   69.75275 
 102.69895   69.95033 
 102.61582   70.14766 
 102.53210   70.34474 
 102.44779   70.54156 
 102.36290   70.73813 
 102.27742   70.93443 
 102.19136   71.13047 
 102.10472   71.32625 
 102.01750   71.52176 
 101.92970   71.71700 
 101.84131   71.91196 
 101.75235   72.10666 
 101.66282   72.30107 
 101.57270   72.49521 
 101.48202   72.68906 
 101.39076   72.88263 
 101.29893   73.07592 
 101.20652   73.26891 
 101.11355   73.46162 
 101.02001   73.65403 
 100.92590   73.84615 
 100.83122   74.03797 
 100.73598   74.22949 
 100.64018   74.42070 
 100.54381   74.61162 
 100.44688   74.80222 
 100.34939   74.99252 
 100.25135   75.18251 
 100.15274   75.37218 
 100.05357   75.56154 
  99.95385   75.75058 
  99.85358   75.93930 
  99.75275   76.12771 
  99.65137   76.31578 
  99.54944   76.50354 
  99.44696   76.69096 
  99.34393   76.87806 
  99.24036   77.06482 
  99.13624   77.25126 
  99.03157   77.43735 
  98.92636   77.62311 
  98.82060   77.80853 
  98.71431   77.99361 
  98.60747   78.17834 
  98.50010   78.36273 
  98.39219   78.54678 
  98.28374   78.73047 
  98.17476   78.91381 
  98.06524   79.09680 
  97.95519   79.27944 
  97.84461   79.46172 
  97.73350   79.64364 
  97.62185   79.82521 
  97.50968   80.00641 
  97.39699   80.18725 
  97.28377   80.36772 
  97.17002   80.54782 
  97.05575   80.72756 
  96.94096   80.90693 
  96.82565   81.08592 
  96.70982   81.26455 
  96.59347   81.44279 
  96.47660   81.62066 
  96.35921   81.79815 
  96.24132   81.97526 
  96.12291   82.15199 
  96.00398   82.32833 
  95.88455   82.50429 
  95.76460   82.67986 
  95.64415   82.85505 
  95.52319   83.02984 
  95.40172   83.20424 
  95.27975   83.37825 
  95.15727   83.55187 
  95.03429   83.72509 
  94.91081   83.89791 
  94.78683   84.07033 
  94.66234   84.24235 
  94.53736   84.41397 
  94.41189   84.58519 
  94.28592   84.75600 
  94.15945   84.92641 
  94.03249   85.09641 
  93.90504   85.26599 
  93.77709   85.43517 
  93.64866   85.60394 
  93.51974   85.77229 
  93.39033   85.94023 
  93.26043   86.10775 
  93.13005   86.27485 
  92.99919   86.44153 
  92.86784   86.60780 
  92.73601   86.77364 
  92.60370   86.93906 
  92.47091   87.10406 
  92.33764   87.26863 
  92.20390   87.43277 
  92.06967   87.59649 
  91.93498   87.75977 
  91.79981   87.92263 
  91.66417   88.08505 
  91.52805   88.24704 
  91.39147   88.40860 
  91.25441   88.56972 
  91.11689   88.73040 
  90.97890   88.89065 
  90.84045   89.05045 
  90.70153   89.20982 
  90.56214   89.36874 
  90.42230   89.52722 
  90.28199   89.68526 
  90.14123   89.84285 
  90.00000   90.00000 
  89.84361   90.17291 
  89.68667   90.34526 
  89.52919   90.51705 
  89.37118   90.68828 
  89.21262   90.85894 
  89.05353   91.02903 
  88.89391   91.19856 
  88.73375   91.36751 
  88.57306   91.53590 
  88.41185   91.70371 
  88.25010   91.87094 
  88.08783   92.03760 
  87.92504   92.20368 
  87.76172   92.36918 
  87.59788   92.53410 
  87.43353   92.69844 
  87.26865   92.86220 
  87.10326   93.02536 
  86.93736   93.18794 
  86.77095   93.34993 
  86.60402   93.51133 
  86.43659   93.67214 
  86.26866   93.83236 
  86.10022   93.99198 
  85.93127   94.15100 
  85.76183   94.30942 
  85.59189   94.46724 
  85.42145   94.62447 
  85.25052   94.78108 
  85.07909   94.93710 
  84.90718   95.09250 
  84.73477   95.24730 
  84.56188   95.40149 
  84.38851   95.55507 
  84.21465   95.70803 
  84.04031   95.86038 
  83.86549   96.01212 
  83.69020   96.16323 
  83.51443   96.31373 
  83.33819   96.46360 
  83.16148   96.61286 
  82.98431   96.76149 
  82.80666   96.90949 
  82.62856   97.05687 
  82.44999   97.20361 
  82.27096   97.34973 
  82.09148   97.49521 
  81.91154   97.64006 
  81.73115   97.78428 
  81.55030   97.92786 
  81.36901   98.07080 
  81.18728   98.21310 
  81.00510   98.35475 
  80.82248   98.49577 
  80.63942   98.63614 
  80.45593   98.77586 
  80.27200   98.91494 
  80.08764   99.05336 
  79.90285   99.19113 
  79.71763   99.32826 
  79.53199   99.46472 
  79.34593   99.60053 
  79.15944   99.73569 
  78.97254   99.87018 
  78.78523  100.00402 
  78.59750  100.13719 
  78.40936  100.26970 
  78.22082  100.40154 
  78.03187  100.53271 
  77.84252  100.66322 
  77.65277  100.79306 
  77.46263  100.92222 
  77.27209  101.05072 
  77.08115  101.17854 
  76.88983  101.30568 
  76.69813  101.43214 
  76.50603  101.55793 
  76.31356  101.68303 
  76.12071  101.80746 
  75.92749  101.93120 
  75.73389  102.05425 
  75.53992  102.17662 
  75.34558  102.29830 
  75.15088  102.41929 
  74.95582  102.53959 
  74.76040  102.65920 
  74.56462  102.77811 
  74.36849  102.89633 
  74.17201  103.01385 
  73.97518  103.13067 
  73.77801  103.24680 
  73.58049  103.36222 
  73.38264  103.47694 
  73.18445  103.59096 
  72.98592  103.70427 
  72.78707  103.81687 
  72.58789  103.92877 
  72.38838  104.03996 
  72.18856  104.15044 
  71.98841  104.26020 
  71.78795  104.36925 
  71.58718  104.47759 
  71.38610  104.58521 
  71.18471  104.69211 
  70.98302  104.79830 
  70.78103  104.90376 
  70.57874  105.00851 
  70.37616  105.11253 
  70.17329  105.21583 
  69.97013  105.31840 
  69.76668  105.42025 
  69.56296  105.52137 
  69.35895  105.62176 
  69.15467  105.72142 
  68.95012  105.82035 
  68.74531  105.91855 
  68.54022  106.01601 
  68.33488  106.11274 
  68.12927  106.20873 
  67.92341  106.30399 
  67.71730  106.39851 
  67.51094  106.49229 
  67.30433  106.58533 
  67.09748  106.67763 
  66.89039  106.76918 
  66.68307  106.86000 
  66.47551  106.95006 
  66.26772  107.03939 
  66.05971  107.12796 
  65.85148  107.21579 
  65.64302  107.30287 
  65.43435  107.38920 
  65.22547  107.47478 
  65.01638  107.55961 
  64.80709  107.64369 
  64.59759  107.72701 
  64.38789  107.80958 
  64.17800  107.89139 
  63.96792  107.97245 
  63.75765  108.05275 
  63.54719  108.13229 
  63.33655  108.21108 
  63.12574  108.28910 
  62.91475  108.36637 
  62.70359  108.44287 
  62.49226  108.51861 
  62.28077  108.59359 
  62.06911  108.66781 
  61.85731  108.74126 
  61.64534  108.81395 
  61.43323  108.88587 
  61.22097  108.95702 
  61.00857  109.02741 
  60.79603  109.09703 
  60.58335  109.16589 
  60.37055  109.23397 
  60.15761  109.30128 
  59.94455  109.36783 
  59.73136  109.43360 
  59.51806  109.49860 
  59.30465  109.56283 
  59.09112  109.62629 
  58.87749  109.68897 
  58.66375  109.75088 
  58.44992  109.81202 
  58.23599  109.87238 
  58.02196  109.93197 
  57.80785  109.99078 
  57.59365  110.04882 
  57.37937  110.10608 
  57.16501  110.16256 
  56.95057  110.21827 
  56.73607  110.27320 
  56.52150  110.32735 
  56.30686  110.38072 
  56.09217  110.43332 
  55.87741  110.48513 
  55.66261  110.53617 
  55.44776  110.58643 
  55.23286  110.63591 
  55.01791  110.68461 
  54.80294  110.73253 
  54.58792  110.77968 
  54.37288  110.82604 
  54.15780  110.87162 
  53.94271  110.91642 
  53.72759  110.96044 
  53.51246  111.00369 
  53.29731  111.04615 
  53.08216  111.08783 
  52.86699  111.12873 
  52.65183  111.16885 
  52.43667  111.20819 
  52.22151  111.24675 
  52.00637  111.28453 
  51.79123  111.32153 
  51.57611  111.35775 
  51.36101  111.39319 
  51.14593  111.42785 
  50.93088  111.46173 
  50.71586  111.49483 
  50.50088  111.52716 
  50.28593  111.55870 
  50.07102  111.58946 
  49.85616  111.61945 
  49.64134  111.64865 
  49.42658  111.67708 
  49.21187  111.70473 
  48.99722  111.73160 
  48.78264  111.75769 
  48.56811  111.78301 
  48.35366  111.80754 
  48.13928  111.83131 
  47.92498  111.85429 
  47.71075  111.87650 
  47.49661  111.89793 
  47.28256  111.91859 
  47.06860  111.93847 
  46.85473  111.95758 
  46.64095  111.97591 
  46.42728  111.99347 
  46.21371  112.01025 
  46.00025  112.02626 
  45.78690  112.04149 
  45.57367  112.05596 
  45.36055  112.06964 
  45.14755  112.08256 
  44.93468  112.09471 
  44.72194  112.10608 
  44.50932  112.11668 
  44.29685  112.12651 
  44.08451  112.13558 
  43.87231  112.14387 
  43.66025  112.15140 
  43.44835  112.15816 
  43.23659  112.16415 
  43.02499  112.16938 
  42.81354  112.17385 
  42.60226  112.17755 
  42.39114  112.18048 
  42.18019  112.18266 
  41.96941  112.18407 
  41.75880  112.18473 
  41.54837  112.18462 
  41.33812  112.18375 
  41.12806  112.18213 
  40.91818  112.17975 
  40.70849  112.17661 
  40.49899  112.17271 
  40.28969  112.16806 
  40.08058  112.16265 
  39.87168  112.15649 
  39.66299  112.14958 
  39.45450  112.14192 
  39.24623  112.13350 
  39.03816  112.12433 
  38.83032  112.11442 
  38.62270  112.10375 
  38.41530  112.09234 
  38.20812  112.08018 
  38.00118  112.06727 
  37.79447  112.05361 
  37.58799  112.03921 
  37.38176  112.02407 
  37.17576  112.00819 
  36.97001  111.99156 
  36.76450  111.97419 
  36.55925  111.95609 
  36.35425  111.93724 
  36.14950  111.91766 
  35.94501  111.89734 
  35.74079  111.87628 
  35.53683  111.85449 
  35.33313  111.83197 
  35.12970  111.80871 
  34.92655  111.78472 
  34.72367  111.76001 
  34.52107  111.73456 
  34.31875  111.70838 
  34.11672  111.68148 
  33.91497  111.65385 
  33.71350  111.62549 
  33.51233  111.59641 
  33.31146  111.56661 
  33.11088  111.53609 
  32.91060  111.50484 
  32.71062  111.47287 
  32.51094  111.44019 
  32.31158  111.40679 
  32.11252  111.37266 
  31.91377  111.33783 
  31.71534  111.30228 
  31.51723  111.26601 
  31.31944  111.22903 
  31.12196  111.19134 
  30.92482  111.15294 
  30.72800  111.11383 
  30.53151  111.07402 
  30.33535  111.03349 
  30.13952  110.99226 
  29.94403  110.95033 
  29.74888  110.90769 
  29.55407  110.86436 
  29.35961  110.82032 
  29.16549  110.77558 
  28.97172  110.73014 
  28.77830  110.68400 
  28.58523  110.63717 
  28.39251  110.58964 
  28.20016  110.54141 
  28.00816  110.49250 
  27.81653  110.44289 
  27.62525  110.39259 
  27.43435  110.34160 
  27.24381  110.28992 
  27.05365  110.23756 
  26.86385  110.18450 
  26.67443  110.13076 
  26.48539  110.07634 
  26.29673  110.02123 
  26.10845  109.96544 
  25.92055  109.90897 
  25.73303  109.85183 
  25.54591  109.79400 
  25.35917  109.73549 
  25.17282  109.67631 
  24.98687  109.61646 
  24.80131  109.55593 
  24.61614  109.49473 
  24.43138  109.43285 
  24.24701  109.37031 
  24.06305  109.30710 
  23.87950  109.24322 
  23.69635  109.17867 
  23.51360  109.11345 
  23.33127  109.04758 
  23.14935  108.98104 
  22.96785  108.91383 
  22.78675  108.84597 
  22.60608  108.77744 
  22.42583  108.70826 
  22.24599  108.63841 
  22.06658  108.56792 
  21.88759  108.49676 
  21.70903  108.42495 
  21.53090  108.35249 
  21.35319  108.27937 
  21.17592  108.20561 
  20.99908  108.13119 
  20.82268  108.05613 
  20.64671  107.98041 
  20.47118  107.90405 
  20.29609  107.82704 
  20.12144  107.74939 
  19.94723  107.67109 
  19.77347  107.59215 
  19.60015  107.51257 
  19.42728  107.43235 
  19.25486  107.35148 
  19.08289  107.26998 
  18.91137  107.18785 
  18.74031  107.10507 
  18.56970  107.02166 
  18.39954  106.93762 
  18.22984  106.85295 
  18.06061  106.76764 
  17.89183  106.68170 
  17.72352  106.59513 
  17.55566  106.50794 
  17.38828  106.42011 
  17.22136  106.33166 
  17.05491  106.24258 
  16.88892  106.15288 
  16.72341  106.06256 
  16.55837  105.97161 
  16.39380  105.88004 
  16.22970  105.78785 
  16.06609  105.69504 
  15.90294  105.60161 
  15.74028  105.50757 
  15.57810  105.41291 
  15.41640  105.31763 
  15.25517  105.22174 
  15.09444  105.12523 
  14.93418  105.02811 
  14.77442  104.93038 
  14.61514  104.83204 
  14.45635  104.73309 
  14.29804  104.63353 
  14.14023  104.53336 
  13.98291  104.43259 
  13.82609  104.33121 
  13.66976  104.22922 
  13.51392  104.12663 
  13.35858  104.02344 
  13.20374  103.91965 
  13.04939  103.81525 
  12.89555  103.71026 
  12.74221  103.60466 
  12.58936  103.49847 
  12.43703  103.39168 
  12.28519  103.28429 
  12.13387  103.17630 
  11.98305  103.06773 
  11.83273  102.95855 
  11.68293  102.84879 
  11.53363  102.73843 
  11.38485  102.62748 
  11.23657  102.51594 
  11.08882  102.40382 
  10.94157  102.29110 
  10.79484  102.17780 
  10.64862  102.06390 
  10.50292  101.94943 
  10.35774  101.83437 
  10.21308  101.71872 
  10.06894  101.60249 
   9.92532  101.48568 
   9.78222  101.36828 
   9.63964  101.25031 
   9.49759  101.13176 
   9.35606  101.01262 
   9.21506  100.89291 
   9.07458  100.77262 
   8.93463  100.65176 
   8.79521  100.53032 
   8.65632  100.40830 
   8.51795  100.28571 
   8.38012  100.16255 
   8.24282  100.03881 
   8.10606   99.91451 
   7.96982   99.78963 
   7.83412   99.66418 
   7.69896   99.53817 
   7.56433   99.41158 
   7.43024   99.28443 
   7.29669   99.15671 
   7.16368   99.02842 
   7.03120   98.89957 
   6.89927   98.77016 
   6.76788   98.64018 
   6.63703   98.50964 
   6.50672   98.37853 
   6.37696   98.24687 
   6.24774   98.11464 
   6.11906   97.98186 
   5.99093   97.84852 
   5.86335   97.71461 
   5.73632   97.58015 
   5.60983   97.44514 
   5.48390   97.30957 
   5.35851   97.17344 
   5.23367   97.03676 
   5.10939   96.89952 
   4.98565   96.76173 
   4.86247   96.62339 
   4.73985   96.48450 
   4.61777   96.34505 
   4.49626   96.20506 
   4.37529   96.06451 
   4.25489   95.92342 
   4.13504   95.78178 
   4.01575   95.63959 
   3.89702   95.49686 
   3.77884   95.35358 
   3.66123   95.20975 
   3.54418   95.06538 
   3.42768   94.92047 
   3.31175   94.77501 
   3.19639   94.62901 
   3.08158   94.48247 
   2.96734   94.33539 
   2.85366   94.18777 
   2.74055   94.03960 
   2.62801   93.89090 
   2.51603   93.74166 
   2.40462   93.59188 
   2.29377   93.44157 
   2.18350   93.29071 
   2.07379   93.13933 
   1.96465   92.98740 
   1.85608   92.83495 
   1.74808   92.68195 
   1.64066   92.52843 
   1.53380   92.37437 
   1.42752   92.21978 
   1.32181   92.06466 
   1.21668   91.90901 
   1.11212   91.75282 
   1.00813   91.59611 
   0.90472   91.43887 
   0.80188   91.28110 
   0.69962   91.12281 
   0.59794   90.96398 
   0.49684   90.80463 
   0.39631   90.64475 
   0.29637   90.48435 
   0.19700   90.32343 
   0.09821   90.16197 
   0.00000   90.00000 
  -0.07092   89.88210 
  -0.14154   89.76392 
  -0.21184   89.64548 
  -0.28184   89.52676 
  -0.35153   89.40777 
  -0.42091   89.28850 
  -0.48999   89.16896 
  -0.55875   89.04915 
  -0.62721   88.92907 
  -0.69536   88.80872 
  -0.76320   88.68809 
  -0.83073   88.56719 
  -0.89796   88.44601 
  -0.96487   88.32457 
  -1.03148   88.20285 
  -1.09778   88.08086 
  -1.16377   87.95860 
  -1.22945   87.83606 
  -1.29482   87.71326 
  -1.35989   87.59017 
  -1.42464   87.46682 
  -1.48909   87.34320 
  -1.55323   87.21930 
  -1.61706   87.09513 
  -1.68059   86.97069 
  -1.74380   86.84597 
  -1.80671   86.72099 
  -1.86931   86.59573 
  -1.93160   86.47019 
  -1.99358   86.34439 
  -2.05525   86.21831 
  -2.11661   86.09197 
  -2.17767   85.96535 
  -2.23841   85.83845 
  -2.29885   85.71129 
  -2.35898   85.58385 
  -2.41880   85.45614 
  -2.47832   85.32816 
  -2.53752   85.19990 
  -2.59642   85.07138 
  -2.65500   84.94258 
  -2.71328   84.81351 
  -2.77125   84.68417 
  -2.82891   84.55455 
  -2.88627   84.42466 
  -2.94331   84.29451 
  -3.00004   84.16407 
  -3.05647   84.03337 
  -3.11259   83.90240 
  -3.16840   83.77115 
  -3.22390   83.63963 
  -3.27909   83.50784 
  -3.33397   83.37577 
  -3.38855   83.24344 
  -3.44281   83.11083 
  -3.49677   82.97795 
  -3.55042   82.84480 
  -3.60376   82.71138 
  -3.65679   82.57768 
  -3.70951   82.44371 
  -3.76192   82.30947 
  -3.81403   82.17496 
  -3.86582   82.04018 
  -3.91731   81.90512 
  -3.96848   81.76979 
  -4.01935   81.63419 
  -4.06991   81.49832 
  -4.12016   81.36218 
  -4.17010   81.22576 
  -4.21974   81.08908 
  -4.26906   80.95212 
  -4.31808   80.81489 
  -4.36678   80.67739 
  -4.41518   80.53961 
  -4.46327   80.40157 
  -4.51105   80.26325 
  -4.55852   80.12466 
  -4.60568   79.98580 
  -4.65253   79.84667 
  -4.69908   79.70727 
  -4.74531   79.56759 
  -4.79124   79.42765 
  -4.83686   79.28743 
  -4.88217   79.14694 
  -4.92717   79.00618 
  -4.97186   78.86514 
  -5.01624   78.72384 
  -5.06031   78.58226 
  -5.10408   78.44041 
  -5.14753   78.29829 
  -5.19068   78.15590 
  -5.23351   78.01324 
  -5.27604   77.87030 
  -5.31825   77.72710 
  -5.36016   77.58362 
  -5.40176   77.43987 
  -5.44305   77.29585 
  -5.48403   77.15155 
  -5.52470   77.00699 
  -5.56506   76.86215 
  -5.60511   76.71704 
  -5.64486   76.57166 
  -5.68429   76.42601 
  -5.72342   76.28009 
  -5.76223   76.13390 
  -5.80074   75.98744 
  -5.83894   75.84070 
  -5.87683   75.69369 
  -5.91441   75.54642 
  -5.95168   75.39887 
  -5.98864   75.25105 
  -6.02529   75.10296 
  -6.06164   74.95459 
  -6.09767   74.80596 
  -6.13339   74.65705 
  -6.16881   74.50788 
  -6.20391   74.35843 
  -6.23871   74.20871 
  -6.27319   74.05871 
  -6.30737   73.90845 
  -6.34124   73.75792 
  -6.37479   73.60711 
  -6.40804   73.45603 
  -6.44098   73.30469 
  -6.47361   73.15307 
  -6.50593   73.00118 
  -6.53794   72.84902 
  -6.56964   72.69659 
  -6.60104   72.54389 
  -6.63212   72.39091 
  -6.66289   72.23767 
  -6.69336   72.08415 
  -6.72351   71.93037 
  -6.75336   71.77631 
  -6.78290   71.62198 
  -6.81212   71.46738 
  -6.84104   71.31251 
  -6.86964   71.15737 
  -6.89794   71.00195 
  -6.92593   70.84627 
  -6.95360   70.69031 
  -6.98097   70.53409 
  -7.00803   70.37759 
  -7.03478   70.22082 
  -7.06122   70.06378 
  -7.08735   69.90647 
  -7.11317   69.74889 
  -7.13868   69.59104 
  -7.16388   69.43292 
  -7.18877   69.27453 
  -7.21336   69.11586 
  -7.23763   68.95693 
  -7.26159   68.79773 
  -7.28525   68.63825 
  -7.30859   68.47851 
  -7.33162   68.31849 
  -7.35435   68.15820 
  -7.37676   67.99764 
  -7.39886   67.83681 
  -7.42065   67.67571 
  -7.44214   67.51433 
  -7.46331   67.35269 
  -7.48418   67.19078 
  -7.50473   67.02860 
  -7.52498   66.86614 
  -7.54491   66.70342 
  -7.56454   66.54042 
  -7.58385   66.37716 
  -7.60286   66.21362 
  -7.62156   66.04982 
  -7.63995   65.88574 
  -7.65802   65.72139 
  -7.67579   65.55678 
  -7.69325   65.39189 
  -7.71039   65.22673 
  -7.72723   65.06130 
  -7.74375   64.89559 
  -7.75997   64.72962 
  -7.77587   64.56338 
  -7.79147   64.39687 
  -7.80675   64.23008 
  -7.82173   64.06303 
  -7.83640   63.89571 
  -7.85075   63.72812 
  -7.86480   63.56025 
  -7.87854   63.39212 
  -7.89197   63.22372 
  -7.90509   63.05504 
  -7.91789   62.88610 
  -7.93039   62.71688 
  -7.94258   62.54740 
  -7.95445   62.37764 
  -7.96602   62.20761 
  -7.97727   62.03731 
  -7.98822   61.86674 
  -7.99885   61.69591 
  -8.00917   61.52480 
  -8.01919   61.35342 
  -8.02889   61.18177 
  -8.03829   61.00985 
  -8.04738   60.83766 
  -8.05615   60.66520 
  -8.06462   60.49248 
  -8.07278   60.31948 
  -8.08062   60.14621 
  -8.08816   59.97267 
  -8.09538   59.79886 
  -8.10230   59.62478 
  -8.10890   59.45043 
  -8.11520   59.27581 
  -8.12118   59.10092 
  -8.12685   58.92576 
  -8.13221   58.75032 
  -8.13726   58.57462 
  -8.14200   58.39865 
  -8.14643   58.22240 
  -8.15055   58.04589 
  -8.15436   57.86911 
  -8.15786   57.69206 
  -8.16105   57.51473 
  -8.16393   57.33714 
  -8.16650   57.15928 
  -8.16877   56.98115 
  -8.17072   56.80275 
  -8.17236   56.62408 
  -8.17370   56.44514 
  -8.17472   56.26594 
  -8.17543   56.08646 
  -8.17584   55.90671 
  -8.17593   55.72669 
  -8.17572   55.54641 
  -8.17520   55.36585 
  -8.17436   55.18503 
  -8.17323   55.00394 
  -8.17178   54.82259 
  -8.17003   54.64096 
  -8.16798   54.45907 
  -8.16561   54.27692 
  -8.16295   54.09450 
  -8.15998   53.91182 
  -8.15671   53.72888 
  -8.15314   53.54567 
  -8.14926   53.36220 
  -8.14509   53.17847 
  -8.14062   52.99448 
  -8.13584   52.81023 
  -8.13077   52.62572 
  -8.12541   52.44095 
  -8.11975   52.25593 
  -8.11379   52.07065 
  -8.10754   51.88511 
  -8.10099   51.69932 
  -8.09416   51.51327 
  -8.08703   51.32698 
  -8.07961   51.14042 
  -8.07190   50.95362 
  -8.06390   50.76657 
  -8.05562   50.57926 
  -8.04705   50.39171 
  -8.03819   50.20390 
  -8.02905   50.01585 
  -8.01962   49.82756 
  -8.00991   49.63901 
  -7.99992   49.45022 
  -7.98964   49.26119 
  -7.97909   49.07191 
  -7.96825   48.88239 
  -7.95714   48.69263 
  -7.94575   48.50262 
  -7.93408   48.31238 
  -7.92213   48.12189 
  -7.90992   47.93117 
  -7.89742   47.74021 
  -7.88466   47.54901 
  -7.87162   47.35758 
  -7.85831   47.16591 
  -7.84473   46.97400 
  -7.83088   46.78186 
  -7.81676   46.58949 
  -7.80238   46.39688 
  -7.78772   46.20404 
  -7.77281   46.01098 
  -7.75762   45.81768 
  -7.74218   45.62415 
  -7.72647   45.43040 
  -7.71050   45.23641 
  -7.69426   45.04221 
  -7.67777   44.84777 
  -7.66102   44.65311 
  -7.64401   44.45823 
  -7.62674   44.26312 
  -7.60922   44.06779 
  -7.59144   43.87224 
  -7.57341   43.67646 
  -7.55512   43.48047 
  -7.53658   43.28426 
  -7.51779   43.08783 
  -7.49875   42.89118 
  -7.47945   42.69431 
  -7.45991   42.49723 
  -7.44012   42.29993 
  -7.42009   42.10242 
  -7.39981   41.90470 
  -7.37928   41.70676 
  -7.35851   41.50861 
  -7.33750   41.31025 
  -7.31624   41.11168 
  -7.29474   40.91290 
  -7.27301   40.71391 
  -7.25103   40.51472 
  -7.22881   40.31531 
  -7.20636   40.11571 
  -7.18367   39.91589 
  -7.16075   39.71587 
  -7.13759   39.51565 
  -7.11420   39.31523 
  -7.09057   39.11460 
  -7.06671   38.91377 
  -7.04263   38.71275 
  -7.01831   38.51152 
  -6.99376   38.31010 
  -6.96899   38.10847 
  -6.94399   37.90665 
  -6.91876   37.70464 
  -6.89331   37.50243 
  -6.86764   37.30002 
  -6.84174   37.09743 
  -6.81562   36.89464 
  -6.78928   36.69165 
  -6.76272   36.48848 
  -6.73594   36.28512 
  -6.70895   36.08157 
  -6.68173   35.87783 
  -6.65431   35.67390 
  -6.62666   35.46979 
  -6.59880   35.26549 
  -6.57073   35.06101 
  -6.54245   34.85634 
  -6.51396   34.65150 
  -6.48525   34.44646 
  -6.45634   34.24125 
  -6.42722   34.03586 
  -6.39790   33.83029 
  -6.36837   33.62454 
  -6.33863   33.41861 
  -6.30869   33.21251 
  -6.27855   33.00623 
  -6.24820   32.79977 
  -6.21766   32.59314 
  -6.18692   32.38634 
  -6.15597   32.17937 
  -6.12483   31.97223 
  -6.09350   31.76491 
  -6.06197   31.55743 
  -6.03024   31.34978 
  -5.99833   31.14196 
  -5.96622   30.93397 
  -5.93392   30.72582 
  -5.90143   30.51750 
  -5.86875   30.30902 
  -5.83588   30.10038 
  -5.80283   29.89158 
  -5.76959   29.68261 
  -5.73616   29.47349 
  -5.70256   29.26420 
  -5.66877   29.05476 
  -5.63480   28.84516 
  -5.60065   28.63541 
  -5.56632   28.42550 
  -5.53182   28.21544 
  -5.49713   28.00522 
  -5.46227   27.79485 
  -5.42724   27.58433 
  -5.39204   27.37366 
  -5.35666   27.16284 
  -5.32111   26.95187 
  -5.28539   26.74076 
  -5.24950   26.52949 
  -5.21345   26.31809 
  -5.17723   26.10654 
  -5.14084   25.89484 
  -5.10429   25.68301 
  -5.06758   25.47103 
  -5.03070   25.25891 
  -4.99367   25.04665 
  -4.95648   24.83426 
  -4.91912   24.62173 
  -4.88161   24.40906 
  -4.84395   24.19626 
  -4.80613   23.98332 
  -4.76815   23.77025 
  -4.73003   23.55705 
  -4.69175   23.34371 
  -4.65333   23.13025 
  -4.61475   22.91666 
  -4.57603   22.70294 
  -4.53716   22.48909 
  -4.49815   22.27512 
  -4.45899   22.06103 
  -4.41970   21.84681 
  -4.38026   21.63246 
  -4.34068   21.41800 
  -4.30096   21.20342 
  -4.26110   20.98871 
  -4.22111   20.77389 
  -4.18098   20.55896 
  -4.14072   20.34390 
  -4.10033   20.12873 
  -4.05981   19.91345 
  -4.01915   19.69806 
  -3.97837   19.48255 
  -3.93746   19.26694 
  -3.89642   19.05121 
  -3.85526   18.83538 
  -3.81398   18.61944 
  -3.77258   18.40339 
  -3.73105   18.18724 
  -3.68940   17.97098 
  -3.64764   17.75463 
  -3.60576   17.53817 
  -3.56376   17.32161 
  -3.52165   17.10495 
  -3.47943   16.88820 
  -3.43710   16.67134 
  -3.39465   16.45440 
  -3.35210   16.23735 
  -3.30944   16.02022 
  -3.26667   15.80299 
  -3.22380   15.58567 
  -3.18082   15.36827 
  -3.13775   15.15077 
  -3.09457   14.93319 
  -3.05129   14.71552 
  -3.00792   14.49776 
  -2.96444   14.27992 
  -2.92088   14.06200 
  -2.87722   13.84400 
  -2.83346   13.62592 
  -2.78962   13.40775 
  -2.74568   13.18951 
  -2.70166   12.97120 
  -2.65755   12.75281 
  -2.61336   12.53434 
  -2.56908   12.31580 
  -2.52472   12.09719 
  -2.48028   11.87851 
  -2.43575   11.65976 
  -2.39115   11.44095 
  -2.34647   11.22206 
  -2.30172   11.00311 
  -2.25689   10.78410 
  -2.21199   10.56502 
  -2.16702   10.34588 
  -2.12198   10.12668 
  -2.07687    9.90742 
  -2.03170    9.68810 
  -1.98645    9.46873 
  -1.94115    9.24930 
  -1.89578    9.02982 
  -1.85035    8.81028 
  -1.80486    8.59069 
  -1.75931    8.37105 
  -1.71371    8.15136 
  -1.66805    7.93163 
  -1.62234    7.71184 
  -1.57657    7.49201 
  -1.53075    7.27214 
  -1.48489    7.05222 
  -1.43897    6.83227 
  -1.39301    6.61227 
  -1.34701    6.39223 
  -1.30096    6.17216 
  -1.25487    5.95205 
  -1.20874    5.73190 
  -1.16257    5.51172 
  -1.11636    5.29151 
  -1.07011    5.07126 
  -1.02383    4.85099 
  -0.97752    4.63069 
  -0.93118    4.41036 
  -0.88481    4.19000 
  -0.83840    3.96962 
  -0.79198    3.74922 
  -0.74552    3.52879 
  -0.69904    3.30834 
  -0.65254    3.08787 
  -0.60602    2.86739 
  -0.55948    2.64689 
  -0.51292    2.42637 
  -0.46634    2.20583 
  -0.41975    1.98529 
  -0.37315    1.76473 
  -0.32653    1.54416 
  -0.27990    1.32358 
  -0.23326    1.10300 
  -0.18662    0.88241 
  -0.13997    0.66181 
  -0.09332    0.44121 
  -0.04666    0.22061 
   0.00000    0.00000 
