   0.00000    0.00000 
   0.00000    0.00000 
   0.00050   -0.00021 
   0.00199   -0.00083 
   0.00448   -0.00186 
   0.00797   -0.00331 
   0.01245   -0.00517 
   0.01793   -0.00744 
   0.02440   -0.01012 
   0.03187   -0.01321 
   0.04034   -0.01671 
   0.04981   -0.02062 
   0.06027   -0.02494 
   0.07174   -0.02967 
   0.08420   -0.03480 
   0.09766   -0.04034 
   0.11212   -0.04629 
   0.12758   -0.05264 
   0.14404   -0.05939 
   0.16150   -0.06655 
   0.17996   -0.07411 
   0.19942   -0.08207 
   0.21988   -0.09043 
   0.24134   -0.09920 
   0.26380   -0.10836 
   0.28726   -0.11793 
   0.31173   -0.12789 
   0.33720   -0.13825 
   0.36367   -0.14900 
   0.39114   -0.16016 
   0.41962   -0.17170 
   0.44909   -0.18364 
   0.47958   -0.19598 
   0.51106   -0.20871 
   0.54355   -0.22183 
   0.57705   -0.23534 
   0.61155   -0.24924 
   0.64705   -0.26353 
   0.68356   -0.27822 
   0.72108   -0.29329 
   0.75960   -0.30874 
   0.79913   -0.32458 
   0.83967   -0.34081 
   0.88122   -0.35743 
   0.92377   -0.37442 
   0.96733   -0.39180 
   1.01190   -0.40957 
   1.05748   -0.42771 
   1.10407   -0.44623 
   1.15166   -0.46514 
   1.20027   -0.48442 
   1.24988   -0.50408 
   1.30051   -0.52411 
   1.35214   -0.54452 
   1.40479   -0.56531 
   1.45844   -0.58647 
   1.51311   -0.60800 
   1.56879   -0.62990 
   1.62548   -0.65217 
   1.68319   -0.67482 
   1.74190   -0.69783 
   1.80163   -0.72121 
   1.86238   -0.74496 
   1.92414   -0.76907 
   1.98691   -0.79355 
   2.05069   -0.81839 
   2.11549   -0.84359 
   2.18131   -0.86916 
   2.24814   -0.89508 
   2.31599   -0.92137 
   2.38485   -0.94801 
   2.45473   -0.97501 
   2.52563   -1.00237 
   2.59755   -1.03008 
   2.67048   -1.05814 
   2.74444   -1.08656 
   2.81941   -1.11533 
   2.89540   -1.14445 
   2.97241   -1.17391 
   3.05044   -1.20373 
   3.12949   -1.23389 
   3.20956   -1.26440 
   3.29066   -1.29525 
   3.37277   -1.32645 
   3.45592   -1.35799 
   3.54008   -1.38986 
   3.62527   -1.42208 
   3.71148   -1.45464 
   3.79872   -1.48753 
   3.88698   -1.52076 
   3.97626   -1.55432 
   4.06657   -1.58821 
   4.15791   -1.62244 
   4.25027   -1.65699 
   4.34366   -1.69187 
   4.43808   -1.72708 
   4.53352   -1.76262 
   4.62999   -1.79848 
   4.72749   -1.83466 
   4.82602   -1.87116 
   4.92557   -1.90798 
   5.02616   -1.94512 
   5.12778   -1.98257 
   5.23042   -2.02034 
   5.33410   -2.05843 
   5.43881   -2.09682 
   5.54455   -2.13553 
   5.65132   -2.17454 
   5.75913   -2.21386 
   5.86797   -2.25349 
   5.97785   -2.29342 
   6.08876   -2.33365 
   6.20071   -2.37418 
   6.31369   -2.41501 
   6.42771   -2.45614 
   6.54277   -2.49756 
   6.65886   -2.53928 
   6.77600   -2.58128 
   6.89417   -2.62358 
   7.01337   -2.66616 
   7.13362   -2.70902 
   7.25491   -2.75217 
   7.37723   -2.79561 
   7.50060   -2.83932 
   7.62500   -2.88331 
   7.75045   -2.92757 
   7.87694   -2.97211 
   8.00448   -3.01692 
   8.13306   -3.06200 
   8.26268   -3.10734 
   8.39335   -3.15295 
   8.52506   -3.19883 
   8.65782   -3.24496 
   8.79163   -3.29135 
   8.92648   -3.33800 
   9.06238   -3.38490 
   9.19933   -3.43205 
   9.33732   -3.47945 
   9.47637   -3.52710 
   9.61646   -3.57499 
   9.75760   -3.62312 
   9.89979   -3.67150 
  10.04304   -3.72010 
  10.18734   -3.76894 
  10.33269   -3.81802 
  10.47909   -3.86732 
  10.62655   -3.91684 
  10.77507   -3.96659 
  10.92463   -4.01656 
  11.07525   -4.06674 
  11.22693   -4.11714 
  11.37966   -4.16775 
  11.53345   -4.21857 
  11.68830   -4.26960 
  11.84420   -4.32082 
  12.00117   -4.37225 
  12.15920   -4.42387 
  12.31828   -4.47568 
  12.47843   -4.52769 
  12.63964   -4.57987 
  12.80190   -4.63225 
  12.96523   -4.68480 
  13.12962   -4.73752 
  13.29508   -4.79042 
  13.46160   -4.84349 
  13.62919   -4.89672 
  13.79784   -4.95011 
  13.96756   -5.00366 
  14.13835   -5.05737 
  14.31019   -5.11122 
  14.48311   -5.16522 
  14.65709   -5.21937 
  14.83215   -5.27365 
  15.00827   -5.32806 
  15.18546   -5.38261 
  15.36372   -5.43728 
  15.54306   -5.49208 
  15.72345   -5.54699 
  15.90492   -5.60202 
  16.08747   -5.65716 
  16.27108   -5.71241 
  16.45577   -5.76777 
  16.64153   -5.82322 
  16.82836   -5.87877 
  17.01626   -5.93441 
  17.20522   -5.99014 
  17.39526   -6.04596 
  17.58635   -6.10186 
  17.77851   -6.15784 
  17.97173   -6.21390 
  18.16600   -6.27002 
  18.36132   -6.32622 
  18.55768   -6.38248 
  18.75508   -6.43881 
  18.95350   -6.49519 
  19.15296   -6.55163 
  19.35342   -6.60812 
  19.55490   -6.66466 
  19.75738   -6.72124 
  19.96086   -6.77787 
  20.16533   -6.83454 
  20.37078   -6.89124 
  20.57720   -6.94797 
  20.78459   -7.00473 
  20.99294   -7.06152 
  21.20225   -7.11833 
  21.41251   -7.17515 
  21.62370   -7.23199 
  21.83583   -7.28884 
  22.04888   -7.34569 
  22.26285   -7.40255 
  22.47774   -7.45940 
  22.69353   -7.51625 
  22.91022   -7.57308 
  23.12780   -7.62990 
  23.34627   -7.68670 
  23.56562   -7.74347 
  23.78584   -7.80022 
  24.00692   -7.85693 
  24.22886   -7.91360 
  24.45166   -7.97023 
  24.67530   -8.02680 
  24.89977   -8.08332 
  25.12508   -8.13978 
  25.35121   -8.19618 
  25.57816   -8.25250 
  25.80592   -8.30874 
  26.03448   -8.36489 
  26.26384   -8.42096 
  26.49399   -8.47693 
  26.72491   -8.53279 
  26.95662   -8.58855 
  27.18909   -8.64419 
  27.42232   -8.69970 
  27.65631   -8.75508 
  27.89104   -8.81033 
  28.12651   -8.86542 
  28.36271   -8.92037 
  28.59964   -8.97515 
  28.83727   -9.02977 
  29.07562   -9.08421 
  29.31467   -9.13847 
  29.55440   -9.19253 
  29.79482   -9.24639 
  30.03592   -9.30005 
  30.27768   -9.35349 
  30.52010   -9.40670 
  30.76317   -9.45968 
  31.00689   -9.51242 
  31.25123   -9.56490 
  31.49620   -9.61713 
  31.74178   -9.66909 
  31.98797   -9.72076 
  32.23476   -9.77216 
  32.48213   -9.82325 
  32.73008   -9.87404 
  32.97860   -9.92451 
  33.22767   -9.97466 
  33.47729  -10.02448 
  33.72746  -10.07396 
  33.97815  -10.12308 
  34.22936  -10.17184 
  34.48107  -10.22023 
  34.73329  -10.26824 
  34.98599  -10.31586 
  35.23917  -10.36308 
  35.49281  -10.40990 
  35.74691  -10.45629 
  36.00146  -10.50226 
  36.25644  -10.54780 
  36.51184  -10.59288 
  36.76765  -10.63752 
  37.02387  -10.68168 
  37.28047  -10.72538 
  37.53745  -10.76860 
  37.79480  -10.81132 
  38.05251  -10.85355 
  38.31056  -10.89526 
  38.56894  -10.93647 
  38.82765  -10.97714 
  39.08666  -11.01729 
  39.34598  -11.05689 
  39.60558  -11.09594 
  39.86546  -11.13443 
  40.12561  -11.17236 
  40.38601  -11.20972 
  40.64666  -11.24649 
  40.90754  -11.28268 
  41.16864  -11.31826 
  41.42995  -11.35325 
  41.69145  -11.38762 
  41.95315  -11.42138 
  42.21502  -11.45451 
  42.47706  -11.48701 
  42.73926  -11.51888 
  43.00160  -11.55009 
  43.26407  -11.58066 
  43.52667  -11.61057 
  43.78938  -11.63982 
  44.05220  -11.66839 
  44.31511  -11.69630 
  44.57810  -11.72352 
  44.84116  -11.75005 
  45.10429  -11.77589 
  45.36747  -11.80103 
  45.63070  -11.82547 
  45.89395  -11.84920 
  46.15723  -11.87221 
  46.42053  -11.89451 
  46.68383  -11.91608 
  46.94713  -11.93693 
  47.21042  -11.95704 
  47.47368  -11.97641 
  47.73691  -11.99504 
  48.00011  -12.01292 
  48.26325  -12.03005 
  48.52634  -12.04642 
  48.78936  -12.06204 
  49.05231  -12.07688 
  49.31518  -12.09096 
  49.57796  -12.10427 
  49.84064  -12.11679 
  50.10321  -12.12854 
  50.36567  -12.13950 
  50.62801  -12.14967 
  50.89021  -12.15904 
  51.15228  -12.16762 
  51.41420  -12.17540 
  51.67598  -12.18237 
  51.93759  -12.18853 
  52.19903  -12.19388 
  52.46030  -12.19842 
  52.72138  -12.20213 
  52.98228  -12.20502 
  53.24298  -12.20708 
  53.50347  -12.20831 
  53.76376  -12.20871 
  54.02383  -12.20826 
  54.28367  -12.20697 
  54.54328  -12.20484 
  54.80265  -12.20186 
  55.06178  -12.19802 
  55.32066  -12.19332 
  55.57928  -12.18777 
  55.83763  -12.18134 
  56.09571  -12.17405 
  56.35351  -12.16589 
  56.61102  -12.15685 
  56.86825  -12.14693 
  57.12517  -12.13612 
  57.38179  -12.12443 
  57.63810  -12.11184 
  57.89409  -12.09836 
  58.14975  -12.08397 
  58.40508  -12.06869 
  58.66007  -12.05249 
  58.91472  -12.03538 
  59.16902  -12.01736 
  59.42296  -11.99842 
  59.67653  -11.97855 
  59.92973  -11.95775 
  60.18256  -11.93602 
  60.43500  -11.91335 
  60.68705  -11.88974 
  60.93870  -11.86519 
  61.18995  -11.83969 
  61.44078  -11.81323 
  61.69120  -11.78583 
  61.94119  -11.75746 
  62.19076  -11.72813 
  62.43989  -11.69783 
  62.68857  -11.66657 
  62.93682  -11.63435 
  63.18460  -11.60115 
  63.43194  -11.56699 
  63.67881  -11.53186 
  63.92521  -11.49577 
  64.17115  -11.45871 
  64.41661  -11.42068 
  64.66159  -11.38169 
  64.90608  -11.34174 
  65.15009  -11.30082 
  65.39361  -11.25895 
  65.63664  -11.21612 
  65.87917  -11.17233 
  66.12120  -11.12760 
  66.36272  -11.08191 
  66.60374  -11.03528 
  66.84424  -10.98769 
  67.08423  -10.93916 
  67.32370  -10.88969 
  67.56265  -10.83927 
  67.80108  -10.78791 
  68.03897  -10.73562 
  68.27634  -10.68239 
  68.51318  -10.62822 
  68.74948  -10.57312 
  68.98524  -10.51709 
  69.22045  -10.46012 
  69.45512  -10.40223 
  69.68925  -10.34341 
  69.92282  -10.28367 
  70.15584  -10.22300 
  70.38831  -10.16141 
  70.62021  -10.09891 
  70.85156  -10.03548 
  71.08234   -9.97113 
  71.31255   -9.90587 
  71.54220   -9.83970 
  71.77127   -9.77261 
  71.99977   -9.70461 
  72.22770   -9.63570 
  72.45505   -9.56588 
  72.68182   -9.49516 
  72.90800   -9.42353 
  73.13360   -9.35100 
  73.35862   -9.27756 
  73.58304   -9.20322 
  73.80687   -9.12798 
  74.03011   -9.05185 
  74.25276   -8.97481 
  74.47481   -8.89688 
  74.69626   -8.81806 
  74.91710   -8.73834 
  75.13735   -8.65773 
  75.35699   -8.57623 
  75.57602   -8.49384 
  75.79445   -8.41056 
  76.01226   -8.32639 
  76.22946   -8.24134 
  76.44605   -8.15540 
  76.66203   -8.06858 
  76.87738   -7.98088 
  77.09212   -7.89230 
  77.30623   -7.80283 
  77.51973   -7.71249 
  77.73260   -7.62126 
  77.94484   -7.52916 
  78.15646   -7.43619 
  78.36745   -7.34234 
  78.57781   -7.24762 
  78.78754   -7.15202 
  78.99664   -7.05555 
  79.20510   -6.95821 
  79.41293   -6.86000 
  79.62012   -6.76093 
  79.82667   -6.66098 
  80.03258   -6.56017 
  80.23785   -6.45850 
  80.44247   -6.35596 
  80.64646   -6.25255 
  80.84980   -6.14829 
  81.05249   -6.04316 
  81.25453   -5.93717 
  81.45593   -5.83032 
  81.65667   -5.72261 
  81.85677   -5.61404 
  82.05621   -5.50462 
  82.25500   -5.39434 
  82.45313   -5.28320 
  82.65061   -5.17121 
  82.84743   -5.05837 
  83.04359   -4.94467 
  83.23909   -4.83012 
  83.43393   -4.71472 
  83.62811   -4.59848 
  83.82163   -4.48138 
  84.01448   -4.36343 
  84.20667   -4.24463 
  84.39819   -4.12499 
  84.58905   -4.00450 
  84.77924   -3.88317 
  84.96876   -3.76099 
  85.15761   -3.63796 
  85.34579   -3.51410 
  85.53329   -3.38939 
  85.72013   -3.26384 
  85.90629   -3.13745 
  86.09177   -3.01022 
  86.27658   -2.88215 
  86.46072   -2.75324 
  86.64417   -2.62349 
  86.82695   -2.49291 
  87.00905   -2.36148 
  87.19047   -2.22923 
  87.37121   -2.09614 
  87.55126   -1.96221 
  87.73064   -1.82745 
  87.90933   -1.69186 
  88.08733   -1.55543 
  88.26465   -1.41817 
  88.44129   -1.28009 
  88.61723   -1.14117 
  88.79249   -1.00142 
  88.96707   -0.86084 
  89.14095   -0.71944 
  89.31414   -0.57720 
  89.48664   -0.43414 
  89.65846   -0.29025 
  89.82957   -0.14554 
  90.00000    0.00000 
  90.13270    0.11431 
  90.26497    0.22912 
  90.39682    0.34442 
  90.52823    0.46023 
  90.65922    0.57654 
  90.78977    0.69334 
  90.91990    0.81064 
  91.04959    0.92844 
  91.17885    1.04673 
  91.30768    1.16552 
  91.43608    1.28480 
  91.56404    1.40458 
  91.69157    1.52485 
  91.81866    1.64562 
  91.94531    1.76688 
  92.07154    1.88863 
  92.19732    2.01087 
  92.32266    2.13360 
  92.44757    2.25683 
  92.57204    2.38054 
  92.69607    2.50475 
  92.81966    2.62944 
  92.94281    2.75462 
  93.06552    2.88029 
  93.18778    3.00645 
  93.30961    3.13309 
  93.43098    3.26022 
  93.55192    3.38783 
  93.67241    3.51593 
  93.79245    3.64451 
  93.91205    3.77358 
  94.03121    3.90313 
  94.14991    4.03316 
  94.26817    4.16367 
  94.38597    4.29466 
  94.50333    4.42614 
  94.62024    4.55809 
  94.73670    4.69052 
  94.85270    4.82343 
  94.96825    4.95682 
  95.08335    5.09068 
  95.19800    5.22502 
  95.31219    5.35984 
  95.42593    5.49513 
  95.53921    5.63089 
  95.65203    5.76713 
  95.76439    5.90384 
  95.87630    6.04102 
  95.98775    6.17868 
  96.09874    6.31680 
  96.20927    6.45540 
  96.31934    6.59446 
  96.42894    6.73399 
  96.53809    6.87399 
  96.64677    7.01445 
  96.75498    7.15538 
  96.86273    7.29678 
  96.97002    7.43864 
  97.07684    7.58097 
  97.18319    7.72375 
  97.28908    7.86700 
  97.39449    8.01072 
  97.49944    8.15489 
  97.60391    8.29952 
  97.70792    8.44461 
  97.81145    8.59016 
  97.91451    8.73616 
  98.01710    8.88262 
  98.11921    9.02954 
  98.22085    9.17691 
  98.32201    9.32474 
  98.42269    9.47302 
  98.52290    9.62175 
  98.62263    9.77093 
  98.72188    9.92057 
  98.82064   10.07065 
  98.91893   10.22118 
  99.01674   10.37216 
  99.11406   10.52359 
  99.21090   10.67546 
  99.30726   10.82777 
  99.40313   10.98054 
  99.49852   11.13374 
  99.59342   11.28739 
  99.68783   11.44147 
  99.78175   11.59600 
  99.87518   11.75097 
  99.96813   11.90637 
 100.06058   12.06222 
 100.15254   12.21850 
 100.24401   12.37521 
 100.33498   12.53236 
 100.42546   12.68994 
 100.51545   12.84795 
 100.60494   13.00640 
 100.69393   13.16528 
 100.78242   13.32458 
 100.87042   13.48431 
 100.95791   13.64448 
 101.04490   13.80506 
 101.13140   13.96607 
 101.21738   14.12751 
 101.30287   14.28937 
 101.38785   14.45165 
 101.47232   14.61435 
 101.55629   14.77747 
 101.63975   14.94101 
 101.72271   15.10497 
 101.80515   15.26935 
 101.88709   15.43413 
 101.96851   15.59934 
 102.04942   15.76495 
 102.12982   15.93098 
 102.20971   16.09742 
 102.28908   16.26426 
 102.36793   16.43151 
 102.44627   16.59918 
 102.52409   16.76724 
 102.60140   16.93571 
 102.67818   17.10458 
 102.75444   17.27386 
 102.83019   17.44353 
 102.90541   17.61361 
 102.98010   17.78408 
 103.05428   17.95495 
 103.12792   18.12621 
 103.20104   18.29787 
 103.27363   18.46992 
 103.34570   18.64236 
 103.41723   18.81519 
 103.48824   18.98842 
 103.55871   19.16203 
 103.62865   19.33602 
 103.69805   19.51040 
 103.76692   19.68517 
 103.83526   19.86031 
 103.90306   20.03584 
 103.97032   20.21174 
 104.03705   20.38802 
 104.10323   20.56468 
 104.16888   20.74171 
 104.23398   20.91911 
 104.29855   21.09689 
 104.36257   21.27504 
 104.42604   21.45355 
 104.48897   21.63243 
 104.55136   21.81168 
 104.61320   21.99129 
 104.67449   22.17126 
 104.73523   22.35159 
 104.79541   22.53228 
 104.85505   22.71333 
 104.91414   22.89474 
 104.97267   23.07650 
 105.03064   23.25862 
 105.08806   23.44108 
 105.14492   23.62390 
 105.20122   23.80707 
 105.25697   23.99058 
 105.31215   24.17443 
 105.36677   24.35863 
 105.42084   24.54317 
 105.47434   24.72805 
 105.52727   24.91326 
 105.57964   25.09881 
 105.63145   25.28470 
 105.68269   25.47092 
 105.73337   25.65746 
 105.78347   25.84434 
 105.83301   26.03154 
 105.88197   26.21907 
 105.93036   26.40692 
 105.97818   26.59509 
 106.02543   26.78358 
 106.07209   26.97239 
 106.11819   27.16152 
 106.16370   27.35096 
 106.20864   27.54071 
 106.25299   27.73078 
 106.29677   27.92115 
 106.33996   28.11183 
 106.38257   28.30281 
 106.42459   28.49409 
 106.46603   28.68568 
 106.50689   28.87756 
 106.54716   29.06974 
 106.58685   29.26221 
 106.62594   29.45497 
 106.66445   29.64803 
 106.70237   29.84137 
 106.73970   30.03499 
 106.77644   30.22890 
 106.81259   30.42308 
 106.84815   30.61755 
 106.88311   30.81229 
 106.91748   31.00730 
 106.95126   31.20259 
 106.98444   31.39814 
 107.01703   31.59397 
 107.04902   31.79005 
 107.08041   31.98640 
 107.11121   32.18300 
 107.14140   32.37987 
 107.17100   32.57699 
 107.20000   32.77436 
 107.22840   32.97198 
 107.25620   33.16984 
 107.28340   33.36795 
 107.30999   33.56631 
 107.33599   33.76490 
 107.36138   33.96373 
 107.38618   34.16279 
 107.41037   34.36208 
 107.43396   34.56160 
 107.45694   34.76135 
 107.47933   34.96132 
 107.50111   35.16151 
 107.52228   35.36192 
 107.54286   35.56255 
 107.56283   35.76338 
 107.58220   35.96443 
 107.60097   36.16568 
 107.61913   36.36713 
 107.63669   36.56879 
 107.65364   36.77065 
 107.66999   36.97270 
 107.68574   37.17494 
 107.70089   37.37737 
 107.71543   37.57999 
 107.72937   37.78279 
 107.74270   37.98578 
 107.75543   38.18894 
 107.76756   38.39228 
 107.77909   38.59579 
 107.79001   38.79947 
 107.80032   39.00331 
 107.81004   39.20732 
 107.81915   39.41149 
 107.82766   39.61582 
 107.83556   39.82031 
 107.84286   40.02495 
 107.84956   40.22973 
 107.85565   40.43467 
 107.86114   40.63974 
 107.86603   40.84496 
 107.87032   41.05032 
 107.87400   41.25581 
 107.87708   41.46143 
 107.87956   41.66718 
 107.88143   41.87306 
 107.88271   42.07906 
 107.88337   42.28519 
 107.88344   42.49142 
 107.88291   42.69778 
 107.88177   42.90424 
 107.88003   43.11082 
 107.87769   43.31750 
 107.87474   43.52428 
 107.87120   43.73116 
 107.86705   43.93814 
 107.86230   44.14521 
 107.85695   44.35238 
 107.85100   44.55963 
 107.84444   44.76697 
 107.83729   44.97439 
 107.82953   45.18189 
 107.82117   45.38946 
 107.81221   45.59711 
 107.80265   45.80483 
 107.79249   46.01261 
 107.78173   46.22046 
 107.77037   46.42838 
 107.75840   46.63635 
 107.74584   46.84438 
 107.73268   47.05245 
 107.71891   47.26058 
 107.70455   47.46876 
 107.68959   47.67698 
 107.67402   47.88524 
 107.65786   48.09354 
 107.64110   48.30188 
 107.62374   48.51024 
 107.60578   48.71864 
 107.58722   48.92706 
 107.56806   49.13551 
 107.54830   49.34397 
 107.52795   49.55246 
 107.50699   49.76095 
 107.48544   49.96946 
 107.46329   50.17798 
 107.44054   50.38650 
 107.41720   50.59503 
 107.39326   50.80356 
 107.36871   51.01208 
 107.34358   51.22060 
 107.31784   51.42911 
 107.29151   51.63761 
 107.26458   51.84609 
 107.23706   52.05455 
 107.20893   52.26300 
 107.18022   52.47142 
 107.15090   52.67981 
 107.12099   52.88818 
 107.09049   53.09651 
 107.05939   53.30481 
 107.02769   53.51307 
 106.99540   53.72129 
 106.96252   53.92947 
 106.92904   54.13760 
 106.89496   54.34568 
 106.86029   54.55370 
 106.82503   54.76168 
 106.78918   54.96959 
 106.75273   55.17744 
 106.71568   55.38523 
 106.67805   55.59296 
 106.63982   55.80061 
 106.60100   56.00819 
 106.56159   56.21570 
 106.52158   56.42312 
 106.48098   56.63047 
 106.43979   56.83774 
 106.39801   57.04491 
 106.35564   57.25200 
 106.31268   57.45900 
 106.26912   57.66590 
 106.22498   57.87270 
 106.18025   58.07940 
 106.13492   58.28600 
 106.08901   58.49249 
 106.04250   58.69888 
 105.99541   58.90515 
 105.94773   59.11131 
 105.89945   59.31735 
 105.85059   59.52327 
 105.80115   59.72906 
 105.75111   59.93474 
 105.70049   60.14028 
 105.64927   60.34569 
 105.59747   60.55097 
 105.54509   60.75611 
 105.49212   60.96112 
 105.43856   61.16598 
 105.38441   61.37069 
 105.32968   61.57526 
 105.27436   61.77968 
 105.21845   61.98395 
 105.16196   62.18806 
 105.10489   62.39201 
 105.04723   62.59580 
 104.98899   62.79943 
 104.93016   63.00290 
 104.87074   63.20619 
 104.81075   63.40931 
 104.75017   63.61226 
 104.68900   63.81503 
 104.62726   64.01762 
 104.56493   64.22003 
 104.50201   64.42226 
 104.43852   64.62430 
 104.37444   64.82614 
 104.30978   65.02780 
 104.24454   65.22926 
 104.17871   65.43052 
 104.11231   65.63159 
 104.04532   65.83245 
 103.97776   66.03310 
 103.90961   66.23355 
 103.84088   66.43378 
 103.77158   66.63381 
 103.70169   66.83362 
 103.63122   67.03321 
 103.56017   67.23257 
 103.48855   67.43172 
 103.41634   67.63064 
 103.34356   67.82933 
 103.27020   68.02779 
 103.19625   68.22602 
 103.12174   68.42401 
 103.04664   68.62177 
 102.97096   68.81928 
 102.89471   69.01655 
 102.81788   69.21358 
 102.74048   69.41036 
 102.66249   69.60688 
 102.58393   69.80316 
 102.50480   69.99918 
 102.42509   70.19494 
 102.34480   70.39044 
 102.26393   70.58568 
 102.18250   70.78065 
 102.10048   70.97536 
 102.01790   71.16979 
 101.93473   71.36396 
 101.85100   71.55785 
 101.76669   71.75146 
 101.68180   71.94479 
 101.59635   72.13784 
 101.51032   72.33061 
 101.42371   72.52309 
 101.33654   72.71529 
 101.24879   72.90719 
 101.16047   73.09880 
 101.07158   73.29012 
 100.98212   73.48114 
 100.89209   73.67185 
 100.80149   73.86227 
 100.71032   74.05238 
 100.61859   74.24219 
 100.52628   74.43169 
 100.43341   74.62088 
 100.33996   74.80975 
 100.24596   74.99831 
 100.15138   75.18656 
 100.05624   75.37448 
  99.96054   75.56209 
  99.86427   75.74937 
  99.76744   75.93633 
  99.67004   76.12296 
  99.57209   76.30926 
  99.47357   76.49523 
  99.37449   76.68087 
  99.27486   76.86617 
  99.17466   77.05114 
  99.07391   77.23577 
  98.97260   77.42006 
  98.87073   77.60401 
  98.76831   77.78761 
  98.66533   77.97087 
  98.56180   78.15378 
  98.45772   78.33634 
  98.35308   78.51856 
  98.24790   78.70041 
  98.14216   78.88192 
  98.03588   79.06307 
  97.92904   79.24386 
  97.82166   79.42429 
  97.71374   79.60436 
  97.60527   79.78406 
  97.49626   79.96340 
  97.38670   80.14238 
  97.27660   80.32099 
  97.16597   80.49923 
  97.05479   80.67709 
  96.94307   80.85459 
  96.83082   81.03171 
  96.71803   81.20846 
  96.60470   81.38482 
  96.49084   81.56081 
  96.37645   81.73642 
  96.26152   81.91165 
  96.14606   82.08649 
  96.03008   82.26094 
  95.91356   82.43501 
  95.79652   82.60870 
  95.67894   82.78199 
  95.56085   82.95489 
  95.44222   83.12740 
  95.32308   83.29951 
  95.20341   83.47123 
  95.08322   83.64255 
  94.96251   83.81347 
  94.84128   83.98400 
  94.71953   84.15412 
  94.59726   84.32384 
  94.47448   84.49315 
  94.35118   84.66206 
  94.22736   84.83056 
  94.10304   84.99866 
  93.97820   85.16634 
  93.85285   85.33361 
  93.72699   85.50047 
  93.60062   85.66692 
  93.47374   85.83295 
  93.34636   85.99857 
  93.21847   86.16376 
  93.09008   86.32854 
  92.96118   86.49290 
  92.83178   86.65684 
  92.70187   86.82035 
  92.57147   86.98344 
  92.44057   87.14611 
  92.30916   87.30835 
  92.17726   87.47016 
  92.04487   87.63154 
  91.91197   87.79249 
  91.77859   87.95301 
  91.64471   88.11310 
  91.51033   88.27275 
  91.37547   88.43197 
  91.24011   88.59075 
  91.10427   88.74910 
  90.96793   88.90701 
  90.83111   89.06448 
  90.69381   89.22151 
  90.55601   89.37809 
  90.41773   89.53424 
  90.27897   89.68994 
  90.13973   89.84519 
  90.00000   90.00000 
  89.84750   90.16785 
  89.69445   90.33516 
  89.54084   90.50191 
  89.38669   90.66811 
  89.23200   90.83376 
  89.07676   90.99886 
  88.92098   91.16340 
  88.76465   91.32738 
  88.60779   91.49081 
  88.45039   91.65368 
  88.29245   91.81598 
  88.13397   91.97772 
  87.97496   92.13890 
  87.81542   92.29951 
  87.65535   92.45956 
  87.49474   92.61904 
  87.33361   92.77795 
  87.17196   92.93628 
  87.00978   93.09405 
  86.84707   93.25124 
  86.68385   93.40785 
  86.52010   93.56389 
  86.35584   93.71935 
  86.19106   93.87422 
  86.02577   94.02852 
  85.85996   94.18224 
  85.69364   94.33537 
  85.52682   94.48791 
  85.35948   94.63986 
  85.19164   94.79123 
  85.02329   94.94201 
  84.85445   95.09219 
  84.68510   95.24178 
  84.51525   95.39078 
  84.34491   95.53918 
  84.17407   95.68698 
  84.00274   95.83419 
  83.83091   95.98079 
  83.65860   96.12679 
  83.48580   96.27218 
  83.31251   96.41697 
  83.13874   96.56116 
  82.96449   96.70473 
  82.78975   96.84770 
  82.61454   96.99005 
  82.43886   97.13179 
  82.26270   97.27292 
  82.08606   97.41343 
  81.90896   97.55332 
  81.73139   97.69259 
  81.55335   97.83125 
  81.37485   97.96928 
  81.19589   98.10669 
  81.01647   98.24347 
  80.83659   98.37962 
  80.65626   98.51515 
  80.47547   98.65005 
  80.29423   98.78432 
  80.11254   98.91795 
  79.93041   99.05095 
  79.74783   99.18332 
  79.56481   99.31504 
  79.38135   99.44613 
  79.19745   99.57658 
  79.01312   99.70639 
  78.82835   99.83555 
  78.64316   99.96407 
  78.45753  100.09194 
  78.27148  100.21917 
  78.08501  100.34574 
  77.89811  100.47167 
  77.71080  100.59694 
  77.52307  100.72156 
  77.33492  100.84552 
  77.14636  100.96883 
  76.95740  101.09147 
  76.76803  101.21346 
  76.57825  101.33479 
  76.38808  101.45545 
  76.19750  101.57545 
  76.00653  101.69479 
  75.81517  101.81346 
  75.62341  101.93145 
  75.43127  102.04878 
  75.23874  102.16544 
  75.04582  102.28142 
  74.85253  102.39673 
  74.65886  102.51137 
  74.46481  102.62532 
  74.27040  102.73860 
  74.07561  102.85120 
  73.88046  102.96312 
  73.68494  103.07436 
  73.48907  103.18491 
  73.29283  103.29477 
  73.09624  103.40396 
  72.89930  103.51245 
  72.70201  103.62026 
  72.50437  103.72737 
  72.30639  103.83380 
  72.10807  103.93953 
  71.90942  104.04457 
  71.71042  104.14892 
  71.51110  104.25257 
  71.31145  104.35552 
  71.11147  104.45778 
  70.91117  104.55934 
  70.71056  104.66020 
  70.50962  104.76036 
  70.30838  104.85982 
  70.10682  104.95857 
  69.90496  105.05663 
  69.70279  105.15398 
  69.50033  105.25062 
  69.29756  105.34656 
  69.09450  105.44179 
  68.89115  105.53632 
  68.68752  105.63014 
  68.48360  105.72325 
  68.27940  105.81565 
  68.07492  105.90734 
  67.87016  105.99832 
  67.66514  106.08859 
  67.45984  106.17815 
  67.25428  106.26699 
  67.04846  106.35513 
  66.84238  106.44255 
  66.63604  106.52925 
  66.42946  106.61524 
  66.22262  106.70052 
  66.01554  106.78508 
  65.80822  106.86892 
  65.60065  106.95205 
  65.39285  107.03446 
  65.18482  107.11616 
  64.97656  107.19713 
  64.76807  107.27739 
  64.55937  107.35692 
  64.35044  107.43574 
  64.14129  107.51384 
  63.93194  107.59121 
  63.72237  107.66787 
  63.51260  107.74380 
  63.30262  107.81902 
  63.09244  107.89351 
  62.88207  107.96727 
  62.67151  108.04032 
  62.46075  108.11264 
  62.24981  108.18424 
  62.03869  108.25511 
  61.82738  108.32525 
  61.61590  108.39468 
  61.40425  108.46337 
  61.19243  108.53134 
  60.98044  108.59858 
  60.76829  108.66510 
  60.55597  108.73089 
  60.34350  108.79595 
  60.13088  108.86028 
  59.91811  108.92388 
  59.70519  108.98676 
  59.49213  109.04890 
  59.27893  109.11031 
  59.06559  109.17100 
  58.85212  109.23095 
  58.63852  109.29017 
  58.42480  109.34866 
  58.21095  109.40641 
  57.99698  109.46344 
  57.78290  109.51973 
  57.56871  109.57528 
  57.35440  109.63011 
  57.13999  109.68419 
  56.92548  109.73755 
  56.71087  109.79016 
  56.49616  109.84204 
  56.28136  109.89319 
  56.06648  109.94360 
  55.85151  109.99327 
  55.63646  110.04220 
  55.42133  110.09039 
  55.20613  110.13785 
  54.99085  110.18457 
  54.77551  110.23054 
  54.56011  110.27578 
  54.34464  110.32028 
  54.12912  110.36403 
  53.91355  110.40705 
  53.69793  110.44932 
  53.48226  110.49085 
  53.26655  110.53163 
  53.05080  110.57168 
  52.83502  110.61098 
  52.61921  110.64953 
  52.40337  110.68734 
  52.18750  110.72441 
  51.97162  110.76073 
  51.75572  110.79630 
  51.53980  110.83113 
  51.32388  110.86521 
  51.10796  110.89854 
  50.89203  110.93112 
  50.67610  110.96296 
  50.46018  110.99404 
  50.24427  111.02438 
  50.02838  111.05397 
  49.81250  111.08281 
  49.59665  111.11090 
  49.38082  111.13823 
  49.16501  111.16482 
  48.94925  111.19065 
  48.73351  111.21573 
  48.51782  111.24006 
  48.30218  111.26363 
  48.08658  111.28645 
  47.87103  111.30852 
  47.65554  111.32984 
  47.44011  111.35039 
  47.22475  111.37020 
  47.00945  111.38925 
  46.79423  111.40754 
  46.57908  111.42508 
  46.36401  111.44186 
  46.14902  111.45789 
  45.93412  111.47316 
  45.71932  111.48767 
  45.50461  111.50143 
  45.28999  111.51443 
  45.07549  111.52667 
  44.86109  111.53815 
  44.64680  111.54888 
  44.43262  111.55885 
  44.21857  111.56806 
  44.00464  111.57652 
  43.79083  111.58422 
  43.57716  111.59116 
  43.36362  111.59734 
  43.15022  111.60277 
  42.93696  111.60743 
  42.72385  111.61135 
  42.51089  111.61450 
  42.29809  111.61691 
  42.08544  111.61855 
  41.87295  111.61944 
  41.66063  111.61958 
  41.44848  111.61896 
  41.23650  111.61759 
  41.02470  111.61547 
  40.81308  111.61259 
  40.60165  111.60897 
  40.39040  111.60459 
  40.17934  111.59946 
  39.96848  111.59358 
  39.75782  111.58696 
  39.54736  111.57959 
  39.33710  111.57147 
  39.12706  111.56260 
  38.91723  111.55299 
  38.70761  111.54263 
  38.49822  111.53153 
  38.28905  111.51968 
  38.08011  111.50709 
  37.87139  111.49375 
  37.66292  111.47968 
  37.45468  111.46486 
  37.24668  111.44930 
  37.03893  111.43301 
  36.83142  111.41597 
  36.62416  111.39820 
  36.41716  111.37969 
  36.21042  111.36045 
  36.00394  111.34047 
  35.79772  111.31976 
  35.59177  111.29832 
  35.38608  111.27615 
  35.18067  111.25325 
  34.97554  111.22962 
  34.77068  111.20527 
  34.56610  111.18020 
  34.36181  111.15440 
  34.15781  111.12788 
  33.95410  111.10065 
  33.75068  111.07269 
  33.54755  111.04401 
  33.34473  111.01462 
  33.14221  110.98451 
  32.93999  110.95368 
  32.73808  110.92214 
  32.53648  110.88989 
  32.33519  110.85692 
  32.13422  110.82324 
  31.93357  110.78885 
  31.73324  110.75375 
  31.53324  110.71794 
  31.33356  110.68143 
  31.13422  110.64421 
  30.93520  110.60629 
  30.73652  110.56766 
  30.53818  110.52833 
  30.34018  110.48831 
  30.14251  110.44758 
  29.94520  110.40616 
  29.74823  110.36404 
  29.55161  110.32123 
  29.35534  110.27772 
  29.15942  110.23353 
  28.96386  110.18864 
  28.76866  110.14306 
  28.57383  110.09680 
  28.37935  110.04985 
  28.18524  110.00221 
  27.99150  109.95388 
  27.79814  109.90488 
  27.60514  109.85518 
  27.41252  109.80481 
  27.22028  109.75376 
  27.02842  109.70202 
  26.83695  109.64961 
  26.64585  109.59652 
  26.45515  109.54276 
  26.26483  109.48832 
  26.07491  109.43320 
  25.88537  109.37742 
  25.69624  109.32096 
  25.50750  109.26384 
  25.31916  109.20605 
  25.13122  109.14759 
  24.94368  109.08847 
  24.75655  109.02869 
  24.56983  108.96824 
  24.38352  108.90713 
  24.19761  108.84536 
  24.01213  108.78294 
  23.82705  108.71985 
  23.64240  108.65611 
  23.45816  108.59172 
  23.27434  108.52667 
  23.09095  108.46097 
  22.90799  108.39461 
  22.72545  108.32761 
  22.54334  108.25996 
  22.36166  108.19165 
  22.18041  108.12270 
  21.99960  108.05311 
  21.81923  107.98287 
  21.63929  107.91199 
  21.45979  107.84046 
  21.28074  107.76830 
  21.10213  107.69550 
  20.92396  107.62205 
  20.74624  107.54798 
  20.56897  107.47326 
  20.39215  107.39791 
  20.21578  107.32193 
  20.03986  107.24532 
  19.86440  107.16807 
  19.68940  107.09020 
  19.51485  107.01170 
  19.34077  106.93257 
  19.16714  106.85281 
  18.99398  106.77243 
  18.82129  106.69143 
  18.64906  106.60981 
  18.47730  106.52756 
  18.30601  106.44469 
  18.13519  106.36120 
  17.96484  106.27710 
  17.79497  106.19238 
  17.62557  106.10704 
  17.45666  106.02109 
  17.28822  105.93452 
  17.12026  105.84735 
  16.95278  105.75956 
  16.78578  105.67116 
  16.61927  105.58215 
  16.45325  105.49254 
  16.28771  105.40231 
  16.12266  105.31149 
  15.95811  105.22006 
  15.79404  105.12802 
  15.63047  105.03539 
  15.46739  104.94215 
  15.30480  104.84831 
  15.14272  104.75388 
  14.98113  104.65885 
  14.82004  104.56322 
  14.65945  104.46699 
  14.49936  104.37017 
  14.33978  104.27276 
  14.18070  104.17476 
  14.02213  104.07616 
  13.86407  103.97698 
  13.70651  103.87721 
  13.54947  103.77684 
  13.39293  103.67590 
  13.23691  103.57436 
  13.08140  103.47224 
  12.92640  103.36954 
  12.77192  103.26626 
  12.61796  103.16239 
  12.46452  103.05794 
  12.31159  102.95292 
  12.15919  102.84731 
  12.00731  102.74113 
  11.85595  102.63437 
  11.70511  102.52703 
  11.55480  102.41913 
  11.40501  102.31064 
  11.25576  102.20159 
  11.10703  102.09196 
  10.95883  101.98177 
  10.81116  101.87100 
  10.66402  101.75967 
  10.51741  101.64777 
  10.37134  101.53530 
  10.22580  101.42226 
  10.08080  101.30867 
   9.93633  101.19451 
   9.79240  101.07978 
   9.64902  100.96450 
   9.50617  100.84865 
   9.36386  100.73224 
   9.22209  100.61528 
   9.08086  100.49776 
   8.94018  100.37968 
   8.80005  100.26105 
   8.66046  100.14186 
   8.52141  100.02211 
   8.38292   99.90181 
   8.24497   99.78097 
   8.10757   99.65957 
   7.97072   99.53761 
   7.83442   99.41511 
   7.69867   99.29207 
   7.56348   99.16847 
   7.42884   99.04433 
   7.29476   98.91964 
   7.16123   98.79440 
   7.02826   98.66863 
   6.89584   98.54230 
   6.76399   98.41544 
   6.63269   98.28804 
   6.50195   98.16009 
   6.37177   98.03160 
   6.24216   97.90258 
   6.11310   97.77302 
   5.98461   97.64292 
   5.85669   97.51228 
   5.72933   97.38111 
   5.60253   97.24941 
   5.47630   97.11717 
   5.35064   96.98439 
   5.22554   96.85109 
   5.10102   96.71725 
   4.97706   96.58289 
   4.85368   96.44799 
   4.73086   96.31257 
   4.60862   96.17661 
   4.48695   96.04013 
   4.36585   95.90313 
   4.24533   95.76560 
   4.12538   95.62754 
   4.00601   95.48896 
   3.88722   95.34985 
   3.76900   95.21023 
   3.65135   95.07008 
   3.53429   94.92941 
   3.41781   94.78822 
   3.30190   94.64651 
   3.18658   94.50429 
   3.07184   94.36154 
   2.95768   94.21828 
   2.84410   94.07450 
   2.73110   93.93021 
   2.61869   93.78540 
   2.50686   93.64008 
   2.39562   93.49424 
   2.28497   93.34789 
   2.17490   93.20103 
   2.06541   93.05366 
   1.95652   92.90578 
   1.84821   92.75739 
   1.74050   92.60849 
   1.63337   92.45908 
   1.52683   92.30916 
   1.42088   92.15874 
   1.31553   92.00781 
   1.21076   91.85638 
   1.10659   91.70444 
   1.00302   91.55200 
   0.90003   91.39905 
   0.79764   91.24560 
   0.69585   91.09165 
   0.59465   90.93720 
   0.49405   90.78225 
   0.39404   90.62679 
   0.29464   90.47084 
   0.19583   90.31439 
   0.09761   90.15745 
   0.00000   90.00000 
  -0.07316   89.88103 
  -0.14598   89.76177 
  -0.21847   89.64223 
  -0.29061   89.52241 
  -0.36241   89.40231 
  -0.43387   89.28193 
  -0.50499   89.16126 
  -0.57578   89.04031 
  -0.64622   88.91908 
  -0.71632   88.79757 
  -0.78608   88.67578 
  -0.85550   88.55370 
  -0.92458   88.43134 
  -0.99333   88.30870 
  -1.06173   88.18578 
  -1.12979   88.06257 
  -1.19751   87.93908 
  -1.26490   87.81531 
  -1.33194   87.69126 
  -1.39864   87.56692 
  -1.46500   87.44231 
  -1.53103   87.31741 
  -1.59671   87.19222 
  -1.66206   87.06676 
  -1.72706   86.94101 
  -1.79172   86.81498 
  -1.85605   86.68867 
  -1.92003   86.56207 
  -1.98368   86.43520 
  -2.04699   86.30804 
  -2.10995   86.18059 
  -2.17258   86.05287 
  -2.23487   85.92486 
  -2.29682   85.79657 
  -2.35842   85.66800 
  -2.41969   85.53914 
  -2.48062   85.41000 
  -2.54121   85.28058 
  -2.60146   85.15088 
  -2.66138   85.02089 
  -2.72095   84.89062 
  -2.78018   84.76007 
  -2.83907   84.62923 
  -2.89763   84.49812 
  -2.95584   84.36672 
  -3.01372   84.23503 
  -3.07125   84.10307 
  -3.12845   83.97082 
  -3.18531   83.83828 
  -3.24182   83.70547 
  -3.29800   83.57237 
  -3.35384   83.43899 
  -3.40934   83.30532 
  -3.46450   83.17137 
  -3.51932   83.03714 
  -3.57380   82.90263 
  -3.62795   82.76783 
  -3.68175   82.63275 
  -3.73522   82.49739 
  -3.78834   82.36174 
  -3.84113   82.22582 
  -3.89358   82.08960 
  -3.94569   81.95311 
  -3.99746   81.81633 
  -4.04889   81.67927 
  -4.09998   81.54192 
  -4.15074   81.40429 
  -4.20115   81.26638 
  -4.25123   81.12819 
  -4.30097   80.98971 
  -4.35037   80.85095 
  -4.39943   80.71190 
  -4.44815   80.57257 
  -4.49653   80.43296 
  -4.54457   80.29307 
  -4.59227   80.15289 
  -4.63964   80.01242 
  -4.68666   79.87168 
  -4.73335   79.73065 
  -4.77970   79.58933 
  -4.82571   79.44774 
  -4.87138   79.30585 
  -4.91671   79.16369 
  -4.96170   79.02124 
  -5.00636   78.87851 
  -5.05067   78.73549 
  -5.09465   78.59219 
  -5.13829   78.44861 
  -5.18159   78.30475 
  -5.22455   78.16060 
  -5.26718   78.01616 
  -5.30946   77.87145 
  -5.35141   77.72645 
  -5.39302   77.58116 
  -5.43429   77.43559 
  -5.47522   77.28974 
  -5.51581   77.14360 
  -5.55607   76.99718 
  -5.59598   76.85048 
  -5.63556   76.70349 
  -5.67480   76.55622 
  -5.71370   76.40866 
  -5.75226   76.26082 
  -5.79048   76.11269 
  -5.82836   75.96428 
  -5.86591   75.81558 
  -5.90311   75.66660 
  -5.93998   75.51734 
  -5.97651   75.36779 
  -6.01270   75.21796 
  -6.04855   75.06785 
  -6.08407   74.91745 
  -6.11925   74.76676 
  -6.15409   74.61580 
  -6.18859   74.46455 
  -6.22275   74.31301 
  -6.25658   74.16119 
  -6.29007   74.00909 
  -6.32322   73.85670 
  -6.35603   73.70403 
  -6.38850   73.55107 
  -6.42064   73.39783 
  -6.45243   73.24430 
  -6.48389   73.09049 
  -6.51501   72.93639 
  -6.54579   72.78201 
  -6.57623   72.62734 
  -6.60634   72.47239 
  -6.63610   72.31715 
  -6.66553   72.16163 
  -6.69462   72.00583 
  -6.72337   71.84974 
  -6.75179   71.69337 
  -6.77987   71.53671 
  -6.80761   71.37977 
  -6.83501   71.22254 
  -6.86207   71.06503 
  -6.88880   70.90724 
  -6.91519   70.74916 
  -6.94125   70.59080 
  -6.96696   70.43215 
  -6.99233   70.27322 
  -7.01737   70.11400 
  -7.04207   69.95449 
  -7.06643   69.79470 
  -7.09045   69.63463 
  -7.11413   69.47427 
  -7.13748   69.31363 
  -7.16049   69.15270 
  -7.18316   68.99148 
  -7.20549   68.82999 
  -7.22749   68.66821 
  -7.24915   68.50614 
  -7.27047   68.34380 
  -7.29146   68.18116 
  -7.31211   68.01825 
  -7.33243   67.85505 
  -7.35241   67.69157 
  -7.37206   67.52781 
  -7.39137   67.36377 
  -7.41034   67.19944 
  -7.42898   67.03483 
  -7.44729   66.86994 
  -7.46526   66.70477 
  -7.48290   66.53931 
  -7.50020   66.37358 
  -7.51717   66.20756 
  -7.53381   66.04127 
  -7.55012   65.87470 
  -7.56610   65.70785 
  -7.58175   65.54072 
  -7.59707   65.37331 
  -7.61206   65.20563 
  -7.62672   65.03767 
  -7.64106   64.86943 
  -7.65507   64.70093 
  -7.66875   64.53214 
  -7.68211   64.36309 
  -7.69515   64.19376 
  -7.70786   64.02416 
  -7.72025   63.85429 
  -7.73232   63.68415 
  -7.74407   63.51374 
  -7.75550   63.34306 
  -7.76661   63.17211 
  -7.77741   63.00090 
  -7.78788   62.82942 
  -7.79804   62.65767 
  -7.80789   62.48566 
  -7.81742   62.31339 
  -7.82664   62.14085 
  -7.83554   61.96805 
  -7.84413   61.79499 
  -7.85242   61.62167 
  -7.86039   61.44809 
  -7.86805   61.27425 
  -7.87541   61.10015 
  -7.88245   60.92579 
  -7.88920   60.75117 
  -7.89563   60.57630 
  -7.90176   60.40118 
  -7.90759   60.22580 
  -7.91312   60.05016 
  -7.91834   59.87428 
  -7.92326   59.69814 
  -7.92788   59.52175 
  -7.93221   59.34510 
  -7.93623   59.16821 
  -7.93996   58.99107 
  -7.94339   58.81369 
  -7.94652   58.63605 
  -7.94936   58.45817 
  -7.95190   58.28004 
  -7.95416   58.10167 
  -7.95612   57.92305 
  -7.95778   57.74419 
  -7.95916   57.56508 
  -7.96025   57.38574 
  -7.96105   57.20615 
  -7.96156   57.02633 
  -7.96178   56.84626 
  -7.96172   56.66595 
  -7.96137   56.48541 
  -7.96074   56.30463 
  -7.95983   56.12361 
  -7.95863   55.94236 
  -7.95715   55.76087 
  -7.95539   55.57914 
  -7.95334   55.39719 
  -7.95102   55.21500 
  -7.94842   55.03258 
  -7.94554   54.84992 
  -7.94239   54.66704 
  -7.93896   54.48393 
  -7.93525   54.30059 
  -7.93127   54.11702 
  -7.92702   53.93322 
  -7.92249   53.74920 
  -7.91769   53.56494 
  -7.91263   53.38047 
  -7.90729   53.19577 
  -7.90168   53.01085 
  -7.89580   52.82570 
  -7.88966   52.64033 
  -7.88324   52.45474 
  -7.87657   52.26893 
  -7.86962   52.08290 
  -7.86242   51.89664 
  -7.85495   51.71017 
  -7.84721   51.52349 
  -7.83922   51.33658 
  -7.83096   51.14946 
  -7.82244   50.96212 
  -7.81367   50.77457 
  -7.80463   50.58681 
  -7.79534   50.39883 
  -7.78579   50.21063 
  -7.77599   50.02223 
  -7.76593   49.83361 
  -7.75561   49.64479 
  -7.74504   49.45575 
  -7.73422   49.26651 
  -7.72315   49.07705 
  -7.71182   48.88739 
  -7.70024   48.69752 
  -7.68842   48.50745 
  -7.67635   48.31717 
  -7.66402   48.12668 
  -7.65146   47.93599 
  -7.63864   47.74510 
  -7.62558   47.55400 
  -7.61227   47.36271 
  -7.59873   47.17121 
  -7.58493   46.97951 
  -7.57090   46.78761 
  -7.55662   46.59551 
  -7.54211   46.40321 
  -7.52735   46.21072 
  -7.51235   46.01803 
  -7.49712   45.82514 
  -7.48165   45.63205 
  -7.46594   45.43878 
  -7.45000   45.24530 
  -7.43382   45.05164 
  -7.41741   44.85778 
  -7.40076   44.66373 
  -7.38389   44.46948 
  -7.36678   44.27505 
  -7.34944   44.08043 
  -7.33187   43.88562 
  -7.31407   43.69061 
  -7.29604   43.49543 
  -7.27778   43.30005 
  -7.25930   43.10449 
  -7.24059   42.90874 
  -7.22166   42.71281 
  -7.20250   42.51669 
  -7.18312   42.32039 
  -7.16352   42.12391 
  -7.14369   41.92724 
  -7.12365   41.73039 
  -7.10338   41.53337 
  -7.08290   41.33616 
  -7.06219   41.13877 
  -7.04127   40.94121 
  -7.02013   40.74346 
  -6.99878   40.54554 
  -6.97721   40.34745 
  -6.95543   40.14917 
  -6.93343   39.95073 
  -6.91122   39.75210 
  -6.88880   39.55331 
  -6.86617   39.35434 
  -6.84332   39.15520 
  -6.82027   38.95589 
  -6.79701   38.75641 
  -6.77355   38.55675 
  -6.74987   38.35693 
  -6.72599   38.15694 
  -6.70191   37.95678 
  -6.67762   37.75646 
  -6.65313   37.55597 
  -6.62843   37.35531 
  -6.60354   37.15449 
  -6.57844   36.95350 
  -6.55315   36.75235 
  -6.52765   36.55104 
  -6.50196   36.34957 
  -6.47607   36.14793 
  -6.44998   35.94614 
  -6.42370   35.74418 
  -6.39722   35.54207 
  -6.37055   35.33979 
  -6.34369   35.13736 
  -6.31664   34.93478 
  -6.28939   34.73203 
  -6.26195   34.52914 
  -6.23433   34.32608 
  -6.20652   34.12288 
  -6.17851   33.91952 
  -6.15033   33.71601 
  -6.12195   33.51234 
  -6.09340   33.30853 
  -6.06466   33.10456 
  -6.03573   32.90045 
  -6.00662   32.69619 
  -5.97734   32.49178 
  -5.94787   32.28722 
  -5.91822   32.08252 
  -5.88840   31.87767 
  -5.85840   31.67268 
  -5.82822   31.46754 
  -5.79786   31.26226 
  -5.76733   31.05684 
  -5.73663   30.85128 
  -5.70575   30.64557 
  -5.67471   30.43973 
  -5.64349   30.23374 
  -5.61210   30.02762 
  -5.58055   29.82136 
  -5.54882   29.61496 
  -5.51693   29.40843 
  -5.48487   29.20176 
  -5.45265   28.99496 
  -5.42026   28.78803 
  -5.38771   28.58096 
  -5.35500   28.37376 
  -5.32213   28.16642 
  -5.28909   27.95896 
  -5.25590   27.75137 
  -5.22255   27.54365 
  -5.18904   27.33580 
  -5.15538   27.12782 
  -5.12156   26.91972 
  -5.08758   26.71149 
  -5.05345   26.50314 
  -5.01918   26.29467 
  -4.98474   26.08607 
  -4.95016   25.87735 
  -4.91543   25.66850 
  -4.88056   25.45954 
  -4.84553   25.25046 
  -4.81036   25.04126 
  -4.77504   24.83194 
  -4.73958   24.62250 
  -4.70398   24.41295 
  -4.66823   24.20328 
  -4.63235   23.99350 
  -4.59632   23.78360 
  -4.56016   23.57359 
  -4.52385   23.36347 
  -4.48742   23.15324 
  -4.45084   22.94289 
  -4.41413   22.73244 
  -4.37729   22.52188 
  -4.34031   22.31121 
  -4.30321   22.10044 
  -4.26597   21.88956 
  -4.22861   21.67857 
  -4.19111   21.46749 
  -4.15349   21.25629 
  -4.11574   21.04500 
  -4.07787   20.83360 
  -4.03988   20.62211 
  -4.00176   20.41051 
  -3.96352   20.19882 
  -3.92517   19.98703 
  -3.88669   19.77514 
  -3.84809   19.56316 
  -3.80938   19.35108 
  -3.77055   19.13890 
  -3.73161   18.92664 
  -3.69255   18.71428 
  -3.65339   18.50183 
  -3.61411   18.28929 
  -3.57472   18.07667 
  -3.53522   17.86395 
  -3.49561   17.65114 
  -3.45590   17.43825 
  -3.41608   17.22528 
  -3.37616   17.01222 
  -3.33614   16.79907 
  -3.29601   16.58585 
  -3.25578   16.37254 
  -3.21546   16.15915 
  -3.17503   15.94568 
  -3.13451   15.73214 
  -3.09390   15.51851 
  -3.05318   15.30481 
  -3.01238   15.09103 
  -2.97148   14.87718 
  -2.93049   14.66326 
  -2.88942   14.44926 
  -2.84825   14.23519 
  -2.80700   14.02105 
  -2.76566   13.80684 
  -2.72424   13.59256 
  -2.68273   13.37821 
  -2.64114   13.16380 
  -2.59947   12.94932 
  -2.55772   12.73477 
  -2.51589   12.52017 
  -2.47398   12.30550 
  -2.43200   12.09076 
  -2.38994   11.87597 
  -2.34781   11.66112 
  -2.30561   11.44621 
  -2.26334   11.23124 
  -2.22100   11.01621 
  -2.17858   10.80113 
  -2.13611   10.58600 
  -2.09356   10.37081 
  -2.05095   10.15557 
  -2.00828    9.94028 
  -1.96555    9.72494 
  -1.92275    9.50954 
  -1.87990    9.29411 
  -1.83699    9.07862 
  -1.79402    8.86309 
  -1.75100    8.64751 
  -1.70792    8.43189 
  -1.66479    8.21623 
  -1.62161    8.00052 
  -1.57838    7.78477 
  -1.53510    7.56899 
  -1.49177    7.35316 
  -1.44839    7.13730 
  -1.40498    6.92140 
  -1.36151    6.70547 
  -1.31801    6.48950 
  -1.27446    6.27350 
  -1.23088    6.05747 
  -1.18726    5.84141 
  -1.14360    5.62531 
  -1.09990    5.40919 
  -1.05617    5.19304 
  -1.01241    4.97686 
  -0.96862    4.76066 
  -0.92480    4.54444 
  -0.88095    4.32819 
  -0.83707    4.11191 
  -0.79316    3.89562 
  -0.74923    3.67931 
  -0.70528    3.46298 
  -0.66131    3.24663 
  -0.61731    3.03026 
  -0.57330    2.81388 
  -0.52927    2.59748 
  -0.48522    2.38107 
  -0.44116    2.16465 
  -0.39708    1.94822 
  -0.35299    1.73177 
  -0.30889    1.51532 
  -0.26478    1.29886 
  -0.22066    1.08240 
  -0.17654    0.86592 
  -0.13241    0.64945 
  -0.08827    0.43297 
  -0.04414    0.21648 
   0.00000    0.00000 
