   0.00000    0.00000 
   0.00000    0.00000 
   0.03176   -0.01059 
   0.15989   -0.06504 
   0.38465   -0.16278 
   0.70631   -0.30318 
   1.12517   -0.48556 
   1.64155   -0.70919 
   2.25578   -0.97325 
   2.96822   -1.27687 
   3.77927   -1.61907 
   4.68932   -1.99879 
   5.69883   -2.41482 
   6.80827   -2.86583 
   8.01816   -3.35033 
   9.32904   -3.86663 
  10.74150   -4.41280 
  12.25616   -4.98664 
  13.87368   -5.58557 
  15.59474   -6.20663 
  17.42004   -6.84628 
  19.35024   -7.50032 
  21.38590   -8.16366 
  23.52740   -8.83011 
  25.77468   -9.49200 
  28.12689  -10.13980 
  30.58177  -10.76171 
  33.13457  -11.34332 
  35.77663  -11.86800 
  38.49414  -12.31839 
  41.26816  -12.67925 
  44.07703  -12.94013 
  46.89972  -13.09603 
  49.71821  -13.14614 
  52.51808  -13.09202 
  55.28811  -12.93631 
  58.01963  -12.68197 
  60.70590  -12.33191 
  63.34159  -11.88884 
  65.92240  -11.35521 
  68.44487  -10.73323 
  70.90612  -10.02486 
  73.30375   -9.23187 
  75.63572   -8.35581 
  77.90029   -7.39809 
  80.09596   -6.35997 
  82.22142   -5.24261 
  84.27552   -4.04703 
  86.25724   -2.77418 
  88.16567   -1.42490 
  90.00000    0.00000 
  91.38741    1.18263 
  92.72771    2.41126 
  94.02031    3.68525 
  95.26460    5.00396 
  96.45995    6.36671 
  97.60571    7.77275 
  98.70123    9.22133 
  99.74582   10.71163 
 100.73880   12.24279 
 101.67945   13.81391 
 102.56706   15.42401 
 103.40089   17.07209 
 104.18020   18.75705 
 104.90422   20.47776 
 105.57219   22.23299 
 106.18333   24.02146 
 106.73688   25.84181 
 107.23205   27.69260 
 107.66807   29.57228 
 108.04418   31.47926 
 108.35963   33.41181 
 108.61369   35.36812 
 108.80566   37.34630 
 108.93485   39.34434 
 109.00066   41.36012 
 109.00249   43.39145 
 108.93983   45.43602 
 108.81224   47.49141 
 108.61935   49.55514 
 108.36087   51.62461 
 108.03664   53.69716 
 107.64657   55.77007 
 107.19072   57.84054 
 106.66924   59.90575 
 106.08244   61.96283 
 105.43073   64.00892 
 104.71466   66.04116 
 103.93491   68.05669 
 103.09228   70.05273 
 102.18769   72.02653 
 101.22217   73.97540 
 100.19685   75.89676 
  99.11293   77.78811 
  97.97172   79.64704 
  96.77455   81.47126 
  95.52286   83.25862 
  94.21807   85.00705 
  92.86167   86.71462 
  91.45514   88.37950 
  90.00000   90.00000 
  88.36488   91.71377 
  86.67599   93.37106 
  84.93552   94.96983 
  83.14586   96.50810 
  81.30954   97.98386 
  79.42928   99.39520 
  77.50794  100.74024 
  75.54857  102.01719 
  73.55434  103.22437 
  71.52857  104.36022 
  69.47469  105.42333 
  67.39625  106.41241 
  65.29684  107.32637 
  63.18012  108.16429 
  61.04977  108.92542 
  58.90948  109.60919 
  56.76290  110.21523 
  54.61363  110.74332 
  52.46519  111.19342 
  50.32103  111.56566 
  48.18448  111.86027 
  46.05875  112.07765 
  43.94693  112.21828 
  41.85195  112.28277 
  39.77664  112.27179 
  37.72365  112.18607 
  35.69552  112.02644 
  33.69464  111.79373 
  31.72326  111.48882 
  29.78351  111.11263 
  27.87740  110.66607 
  26.00679  110.15007 
  24.17348  109.56557 
  22.37911  108.91351 
  20.62525  108.19480 
  18.91338  107.41036 
  17.24488  106.56111 
  15.62104  105.64791 
  14.04308  104.67166 
  12.51216  103.63319 
  11.02935  102.53334 
   9.59568  101.37293 
   8.21211  100.15274 
   6.87954   98.87356 
   5.59884   97.53612 
   4.37079   96.14116 
   3.19619   94.68939 
   2.07573   93.18150 
   1.01012   91.61815 
   0.00000   90.00000 
  -0.66213   88.83933 
  -1.29724   87.65257 
  -1.90531   86.43971 
  -2.48637   85.20076 
  -3.04039   83.93571 
  -3.56740   82.64457 
  -4.06737   81.32733 
  -4.54032   79.98400 
  -4.98625   78.61457 
  -5.40515   77.21905 
  -5.79702   75.79743 
  -6.16187   74.34971 
  -6.49969   72.87590 
  -6.81048   71.37600 
  -7.09425   69.85000 
  -7.35100   68.29790 
  -7.58072   66.71971 
  -7.78341   65.11543 
  -7.95908   63.48505 
  -8.10772   61.82857 
  -8.22933   60.14600 
  -8.32392   58.43733 
  -8.39149   56.70257 
  -8.43203   54.94171 
  -8.44554   53.15476 
  -8.43203   51.34171 
  -8.39149   49.50257 
  -8.32392   47.63733 
  -8.22933   45.74600 
  -8.10772   43.82857 
  -7.95908   41.88504 
  -7.78341   39.91543 
  -7.58072   37.91971 
  -7.35100   35.89790 
  -7.09425   33.85000 
  -6.81048   31.77600 
  -6.49969   29.67590 
  -6.16186   27.54971 
  -5.79702   25.39743 
  -5.40514   23.21904 
  -4.98625   21.01457 
  -4.54032   18.78400 
  -4.06737   16.52733 
  -3.56739   14.24457 
  -3.04039   11.93571 
  -2.48637    9.60076 
  -1.90531    7.23971 
  -1.29723    4.85257 
  -0.66213    2.43933 
   0.00000    0.00000 
